3
4
25
26
28
49
52
64
74
76
77
82
85
91
92
118
124
127
143
148
166
182
183
197
198
214
224
232
243
245
259
268
269
271
280
281
291
294
303
311
314
317
328
340
343
344
371
378
381
384
395
396
400
433
446
449
451
459
463
464
466
472
476
477
483
493
495
499
501
516
520
522
529
538
544
545
546
551
553
571
611
623
625
626
634
644
653
660
661
666
668
672
674
677
689
694
696
709
714
716
720
728
733
743
747
755
756
764
778
782
786
830
831
848
851
862
864
873
876
878
882
884
898
903
919
934
936
940
957
964
973
975
979
986
991
1005
1012
1029
1039
1040
1066
1067
1072
1077
1090
1099
1104
1105
1108
1117
1120
1135
1136
1150
1152
1154
1158
1166
1174
1175
1179
1235
1257
1259
1262
1263
1265
1269
1275
1276
1284
1288
1297
1304
1321
1337
1342
1348
1353
1360
1361
1368
1374
1394
1403
1404
1413
1415
1417
1421
1422
1432
1440
1449
1452
1455
1472
1473
1485
1488
1491
1514
1518
1522
1531
1538
1542
1545
1550
1553
1557
1559
1563
1566
1591
1595
1599
1603
1606
1617
1619
1635
1644
1668
1673
1679
1704
1713
1716
1728
1732
1739
1752
1772
1776
1779
1782
1787
1790
1802
1806
1808
1822
1830
1836
1838
1849
1871
1876
1877
1878
1884
1886
1906
1912
1921
1926
1943
1958
1966
1973
1986
1991
1997
1999
2015
2019
2028
2041
2045
2048
2050
2062
2067
2076
2080
2081
2088
2094
2095
2102
2109
2111
2113
2116
2122
2128
2139
2176
2179
2191
2193
2198
2204
2216
2225
2241
2246
2254
2255
2264
2270
2272
2274
2284
2287
2288
2293
2299
2301
2304
2305
2309
2329
2335
2336
2350
2351
2356
2357
2363
2364
2365
2370
2374
2390
2392
2398
2399
2403
2404
2406
2421
2423
2424
2425
2428
2429
2435
2437
2441
2444
2455
2462
2464
2465
2474
2483
2484
2485
2487
2490
2492
2495
2497
2524
2528
2530
2533
2538
2557
2570
2575
2579
2581
2586
2597
2600
2605
2633
2639
2642
2643
2652
2664
2666
2672
2686
2687
2689
2690
2697
2702
2704
2709
2711
2714
2720
2739
2741
2743
2749
2750
2762
2773
2775
2784
2785
2798
2800
2802
2814
2816
2817
2819
2822
2823
2830
2832
2835
2841
2846
2868
2881
2888
2897
2912
2916
2924
2930
2948
2971
2973
2977
2984
2995
3000
3006
3011
3019
3031
3038
3051
3055
3065
3067
3073
3074
3104
3109
3118
3121
3137
3155
3163
3173
3183
3195
3197
3199
3205
3207
3231
3243
3247
3248
3260
3279
3282
3292
3324
3329
3332
3334
3348
3349
3358
3360
3368
3373
3374
3375
3381
3388
3389
3394
3396
3398
3403
3409
3414
3417
3451
3463
3465
3487
3493
3497
3501
3505
3516
3530
3533
3544
3546
3548
3554
3559
3560
3566
3568
3578
3584
3588
3595
3623
3625
3626
3628
3631
3632
3644
3647
3657
3658
3660
3667
3671
3674
3697
3698
3734
3748
3753
3763
3776
3778
3782
3784
3787
3788
3797
3798
3803
3818
3825
3827
3835
3838
3841
3844
3860
3865
3877
3879
3882
3886
3912
3923
3933
3968
3989
3991
3996
4002
4007
4010
4013
4018
4046
4051
4056
4058
4059
4064
4069
4072
4078
4101
4102
4127
4133
4148
4161
4165
4168
4180
4182
4193
4195
4199
4200
4214
4220
4221
4227
4228
4229
4233
4266
4268
4270
4281
4291
4295
4300
4305
4318
4322
4324
4327
4331
4334
4337
4346
4354
4366
4367
4368
4369
4370
4371
4404
4407
4409
4416
4419
4424
4433
4437
4450
4456
4461
4464
4484
4497
4499
4507
4509
4511
4512
4527
4530
4531
4534
4543
4553
4554
4556
4587
4597
4622
4639
4645
4655
4668
4672
4675
4697
4712
4719
4722
4726
4732
4747
4749
4750
4759
4766
4792
4807
4815
4847
4862
4868
4875
4894
4895
4902
4925
4932
4943
4947
4951
4953
4954
4974
4982
4988
5003
5008
5010
5011
5028
5040
5056
5059
5063
5091
5092
5110
5117
5124
5127
5140
5144
5163
5166
5171
5173
5177
5181
5193
5207
5213
5217
5220
5233
5236
5242
5249
5260
5261
5266
5273
5277
5281
5294
5298
5299
5301
5315
5351
5357
5362
5384
5385
5395
5402
5407
5408
5412
5415
5416
5428
5429
5433
5435
5437
5448
5454
5466
5467
5471
5473
5474
5485
5508
5510
5513
5524
5530
5532
5552
5553
5558
5559
5569
5570
5574
5577
5586
5597
5600
5603
5606
5613
5620
5623
5633
5637
5639
5640
5647
5660
5664
5682
5685
5687
5697
5700
5705
5709
5713
5714
5719
5721
5730
5734
5739
5754
5756
5763
5766
5771
5779
5790
5798
5801
5807
5811
5820
5821
5847
5853
5859
5862
5882
5886
5898
5928
5933
5938
5947
5964
5968
5971
5982
5984
5996
6006
6007
6011
6032
6040
6046
6051
6053
6064
6065
6067
6072
6099
6110
6120
6124
6126
6130
6139
6144
6146
6151
6171
6172
6184
6189
6191
6205
6213
6219
6222
6227
6232
6240
6244
6250
6253
6263
6267
6269
6277
6282
6287
6309
6310
6313
6340
6344
6348
6367
6385
6416
6430
6431
6439
6445
6447
6448
6451
6470
6481
6494
6501
6503
6520
6521
6535
6551
6555
6561
6571
6578
6586
6589
6592
6611
6616
6630
6637
6657
6669
6675
6678
6683
6686
6689
6691
6695
6720
6723
6729
6741
6744
6749
6754
6756
6762
6777
6780
6784
6786
6789
6798
6808
6815
6825
6850
6858
6860
6871
6872
6890
6896
6901
6904
6906
6919
6923
6929
6943
6945
6956
6968
6971
6975
6997
7000
7001
7007
7027
7034
7048
7068
7070
7071
7084
7091
7100
7116
7145
7150
7151
7165
7166
7167
7171
7181
7186
7189
7202
7209
7211
7235
7236
7237
7243
7246
7256
7260
7265
7271
7279
7286
7292
7305
7310
7319
7321
7325
7326
7340
7343
7363
7376
7379
7386
7398
7409
7416
7417
7436
7450
7453
7461
7462
7464
7468
7470
7471
7479
7482
7487
7508
7509
7510
7512
7515
7571
7577
7579
7599
7605
7610
7613
7625
7627
7645
7648
7653
7659
7661
7669
7671
7674
7680
7687
7690
7706
7719
7730
7740
7763
7765
7774
7777
7808
7821
7826
7832
7833
7851
7855
7869
7871
7875
7895
7916
7937
7939
7947
7951
7960
7980
7986
7993
8000
8016
8031
8037
8059
8060
8066
8067
8069
8086
8090
8109
8130
8153
8158
8172
8178
8183
8189
8191
8206
8207
8219
8235
8236
8238
8253
8257
8266
8273
8281
8284
8298
8301
8309
8328
8331
8334
8344
8363
8365
8378
8387
8388
8393
8394
8405
8406
8408
8410
8412
8417
8419
8423
8429
8435
8436
8447
8458
8459
8460
8465
8474
8491
8506
8509
8519
8523
8531
8542
8551
8557
8571
8573
8579
8581
8589
8590
8592
8596
8625
8626
8627
8633
8642
8669
8686
8707
8713
8721
8727
8732
8747
8749
8773
8803
8815
8827
8832
8837
8848
8849
8853
8855
8856
8860
8861
8866
8867
8873
8879
8885
8886
8897
8914
8918
8927
8936
8944
8948
8951
8956
8969
8983
8990
8994
9007
9008
9010
9024
9035
9042
9043
9047
9049
9063
9068
9087
9090
9096
9106
9116
9127
9133
9147
9154
9156
9157
9161
9185
9190
9193
9194
9202
9206
9209
9217
9219
9223
9230
9237
9241
9249
9260
9261
9264
9273
9289
9290
9293
9304
9305
9324
9326
9335
9337
9340
9342
9344
9354
9356
9362
9371
9375
9377
9379
9389
9391
9398
9403
9407
9411
9413
9417
9430
9442
9444
9452
9458
9459
9463
9490
9494
9498
9504
9511
9528
9532
9537
9540
9541
9542
9547
9552
9556
9563
9567
9571
9575
9576
9591
9593
9608
9621
9630
9638
9642
9655
9672
9675
9676
9690
9715
9724
9730
9732
9743
9751
9756
9762
9767
9781
9795
9806
9816
9818
9826
9846
9855
9857
9859
9881
9900
9906
9916
9920
9921
9923
9925
9935
9938
9945
9948
9950
9960
9961
9981
9982
9985
9991
9995
9996
10001
10004
10007
10008
10011
10013
10018
10028
10031
10036
10043
10044
10050
10055
10057
10061
10067
10070
10074
10083
10096
10101
10104
10126
10136
10141
10150
10151
10168
10169
10177
10185
10188
10193
10207
10217
10227
10236
10238
10253
10263
10266
10277
10289
10305
10306
10309
10311
10312
10313
10316
10321
10327
10338
10339
10342
10349
10351
10353
10358
10367
10370
10371
10391
10392
10394
10396
10406
10416
10420
10428
10433
10438
10444
10452
10454
10461
10465
10478
10500
10507
10516
10531
10542
10550
10572
10573
10587
10588
10591
10593
10594
10602
10605
10608
10614
10616
10625
10633
10637
10638
10639
10654
10660
10668
10677
10700
10707
10711
10713
10725
10730
10740
10748
10754
10767
10787
10788
10802
10809
10830
10832
10846
10877
10878
10892
10894
10897
10898
10909
10914
10915
10919
10924
10926
10933
10936
10939
10940
10944
10949
10951
10959
10979
10987
10990
10994
11005
11006
11008
11025
11029
11030
11035
11047
11061
11066
11069
11088
11091
11094
11097
11100
11110
11119
11125
11131
11136
11138
11148
11157
11158
11163
11166
11171
11180
11181
11183
11197
11198
11207
11217
11219
11228
11231
11241
11251
11253
11264
11274
11278
11291
11295
11303
11305
11306
11322
11326
11327
11340
11341
11344
11345
11363
11375
11383
11395
11396
11397
11402
11423
11425
11428
11429
11435
11453
11457
11459
11478
11484
11493
11504
11505
11514
11516
11529
11531
11539
11549
11553
11563
11566
11567
11568
11583
11610
11625
11637
11638
11650
11651
11653
11656
11658
11659
11660
11670
11673
11684
11685
11692
11702
11705
11706
11714
11726
11737
11750
11760
11761
11763
11767
11768
11774
11776
11779
11784
11790
11791
11794
11798
11801
11815
11819
11823
11828
11831
11843
11844
11848
11849
11866
11873
11885
11887
11889
11891
11893
11894
11896
11902
11906
11907
11910
11913
11920
11921
11927
11940
11942
11951
11956
11973
11975
11986
11997
12009
12011
12012
12014
12030
12034
12035
12036
12048
12056
12068
12080
12086
12091
12096
12099
12100
12102
12115
12149
12151
12155
12182
12206
12212
12215
12216
12225
12231
12245
12256
12259
12267
12274
12319
12326
12328
12331
12336
12347
12366
12373
12389
12422
12432
12452
12460
12472
12476
12488
12493
12500
12502
12505
12508
12513
12524
12528
12541
12543
12547
12579
12583
12591
12623
12629
12632
12644
12675
12680
12684
12687
12689
12695
12709
12710
12719
12723
12725
12731
12741
12751
12764
12791
12809
12810
12817
12822
12824
12829
12839
12848
12860
12861
12863
12866
12871
12877
12889
12902
12906
12914
12917
12920
12925
12929
12932
12937
12938
12952
12955
12971
12980
12982
12984
12993
13006
13022
13029
13030
13033
13041
13042
13055
13083
13088
13096
13109
13138
13142
13144
13166
13175
13176
13180
13209
13222
13243
13253
13280
13282
13291
13295
13303
13310
13311
13314
13320
13321
13338
13341
13347
13348
13352
13355
13356
13358
13371
13372
13373
13377
13378
13381
13390
13392
13406
13428
13430
13445
13450
13452
13455
13459
13462
13464
13468
13481
13487
13492
13497
13502
13506
13508
13516
13517
13519
13520
13525
13555
13557
13559
13571
13574
13593
13611
13626
13630
13642
13650
13651
13656
13657
13672
13680
13681
13684
13693
13696
13698
13701
13706
13715
13718
13723
13735
13747
13751
13775
13778
13781
13786
13787
13788
13789
13813
13831
13838
13841
13843
13849
13851
13853
13872
13874
13881
13882
13883
13905
13914
13915
13921
13924
13926
13932
13939
13949
13953
13955
13960
13964
13969
13970
13980
13985
13993
14004
14006
14020
14033
14049
14058
14065
14068
14078
14090
14097
14102
14105
14109
14120
14121
14123
14131
14132
14140
14146
14164
14179
14181
14184
14204
14211
14216
14236
14238
14250
14252
14253
14265
14267
14271
14282
14288
14291
14296
14299
14301
14313
14321
14323
14329
14336
14337
14338
14345
14349
14360
14364
14388
14396
14404
14405
14410
14417
14424
14426
14432
14449
14455
14458
14462
14463
14464
14471
14477
14486
14498
14511
14513
14518
14528
14539
14546
14549
14550
14556
14593
14598
14603
14608
14611
14616
14620
14621
14629
14635
14639
14650
14654
14662
14672
14676
14695
14701
14709
14712
14735
14738
14739
14745
14759
14765
14775
14777
14780
14782
14785
14790
14793
14794
14805
14815
14830
14846
14848
14849
14852
14871
14876
14890
14895
14896
14942
14945
14954
14956
14964
14969
14970
14973
14975
14986
14990
14991
15002
15003
15004
15006
15009
15013
15014
15016
15023
15027
15039
15046
15047
15048
15050
15053
15065
15075
15079
15114
15116
15118
15127
15141
15143
15145
15156
15169
15181
15191
15192
15209
15217
15228
15238
15250
15261
15262
15266
15269
15272
15276
15302
15307
15314
15335
15340
15342
15362
15363
15385
15387
15391
15406
15425
15426
15430
15449
15455
15456
15458
15473
15481
15500
15514
15516
15522
15523
15524
15530
15558
15563
15574
15582
15585
15586
15591
15600
15602
15609
15610
15623
15624
15627
15629
15635
15640
15643
15648
15649
15662
15687
15694
15707
15727
15737
15740
15744
15750
15752
15757
15762
15764
15773
15780
15798
15803
15804
15822
15823
15831
15839
15844
15845
15847
15851
15862
15864
15868
15884
15887
15894
15895
15908
15918
15919
15930
15932
15951
15955
15970
15973
15977
15986
15987
15990
15997
16001
16002
16003
16006
16008
16011
16012
16013
16017
16019
16042
16044
16045
16054
16062
16066
16073
16084
16092
16094
16095
16096
16101
16105
16107
16109
16110
16111
16113
16116
16124
16130
16143
16144
16151
16158
16162
16178
16181
16189
16192
16205
16208
16212
16216
16219
16223
16228
16230
16239
16244
16245
16246
16250
16254
16255
16260
16268
16273
16274
16288
16292
16304
16305
16307
16308
16310
16312
16319
16322
16356
16363
16380
16383
16384
16397
16412
16414
16417
16424
16425
16428
16445
16455
16456
16463
16472
16475
16485
16499
16503
16518
16528
16545
16572
16586
16591
16594
16595
16600
16624
16635
16654
16667
16673
16677
16683
16686
16690
16691
16705
16708
16709
16715
16721
16722
16723
16725
16728
16730
16742
16759
16760
16763
16764
16765
16768
16769
16779
16781
16787
16791
16794
16801
16803
16805
16811
16820
16831
16832
16839
16853
16867
16869
16870
16874
16879
16892
16894
16896
16903
16908
16911
16920
16921
16922
16940
16945
16947
16952
16954
16957
16959
16964
16972
16983
16984
16992
16996
16997
17023
17024
17043
17046
17056
17062
17063
17064
17068
17070
17082
17086
17089
17093
17098
17100
17118
17121
17133
17148
17157
17173
17184
17187
17196
17199
17202
17203
17238
17241
17243
17252
17278
17283
17290
17296
17300
17303
17307
17311
17315
17319
17329
17331
17341
17344
17348
17355
17358
17370
17375
17379
17386
17394
17398
17419
17422
17437
17442
17455
17458
17465
17466
17467
17491
17492
17497
17502
17537
17552
17557
17565
17575
17579
17588
17589
17594
17596
17604
17605
17610
17611
17616
17619
17637
17639
17643
17650
17691
17694
17709
17715
17716
17717
17722
17725
17727
17728
17735
17736
17742
17748
17759
17773
17779
17787
17794
17797
17800
17809
17822
17825
17830
17837
17857
17858
17861
17864
17886
17894
17908
17911
17917
17937
17938
17945
17948
17965
17966
17985
17991
18011
18018
18022
18037
18042
18060
18061
18067
18076
18095
18101
18102
18109
18113
18121
18122
18123
18131
18132
18134
18138
18139
18140
18174
18176
18179
18186
18195
18196
18204
18209
18218
18223
18229
18231
18245
18247
18253
18260
18265
18267
18283
18289
18297
18298
18302
18314
18323
18328
18335
18336
18342
18367
18368
18370
18390
18398
18402
18403
18410
18418
18422
18440
18462
18471
18475
18477
18479
18482
18493
18503
18524
18525
18537
18542
18551
18571
18579
18587
18594
18601
18606
18607
18609
18613
18619
18620
18627
18642
18645
18653
18660
18678
18679
18681
18684
18695
18699
18700
18708
18712
18717
18719
18726
18744
18751
18756
18757
18763
18766
18772
18773
18774
18789
18790
18799
18808
18820
18834
18841
18849
18850
18873
18874
18875
18884
18891
18896
18910
18912
18921
18952
18955
18960
18962
18969
18981
19007
19008
19009
19011
19016
19023
19035
19036
19041
19042
19050
19055
19056
19079
19081
19086
19091
19095
19108
19123
19132
19135
19136
19141
19144
19148
19151
19156
19163
19167
19210
19217
19218
19235
19242
19244
19253
19273
19274
19286
19290
19293
19306
19312
19317
19329
19341
19360
19363
19368
19377
19382
19384
19385
19387
19390
19394
19404
19412
19413
19416
19432
19444
19471
19475
19478
19503
19505
19516
19518
19533
19538
19543
19553
19561
19563
19569
19572
19574
19575
19580
19587
19591
19595
19599
19609
19612
19616
19625
19634
19640
19651
19667
19689
19694
19713
19740
19743
19750
19764
19769
19781
19783
19787
19812
19818
19822
19832
19834
19846
19848
19855
19857
19858
19869
19883
19885
19897
19917
19919
19932
19934
19936
19940
19968
19972
19975
19976
19992
20004
20023
20024
20029
20033
20040
20045
20048
20052
20069
20071
20076
20082
20084
20085
20093
20100
20103
20105
20119
20125
20127
20133
20134
20158
20161
20172
20201
20203
20210
20240
20245
20266
20268
20270
20278
20285
20297
20302
20306
20310
20334
20348
20353
20358
20366
20373
20386
20396
20407
20411
20417
20429
20430
20435
20437
20447
20448
20452
20468
20488
20491
20500
20502
20506
20515
20517
20520
20523
20528
20533
20535
20541
20552
20564
20565
20578
20579
20638
20647
20658
20678
20693
20703
20720
20724
20760
20762
20763
20768
20771
20776
20785
20801
20808
20810
20813
20814
20815
20831
20838
20839
20845
20858
20862
20865
20866
20869
20871
20873
20879
20882
20895
20897
20901
20903
20911
20943
20944
20947
20948
20950
20971
20973
20979
20980
20982
20994
20995
20997
20998
21008
21018
21032
21036
21043
21069
21074
21080
21111
21113
21118
21119
21122
21130
21135
21140
21159
21164
21168
21170
21172
21175
21177
21183
21184
21185
21186
21190
21210
21211
21212
21221
21234
21235
21237
21247
21250
21255
21258
21259
21264
21269
21283
21284
21286
21288
21305
21309
21312
21315
21318
21321
21325
21328
21335
21336
21344
21348
21400
21402
21410
21411
21412
21417
21433
21441
21447
21452
21462
21472
21476
21480
21485
21489
21498
21501
21503
21519
21523
21525
21541
21560
21562
21568
21579
21580
21600
21601
21608
21621
21627
21630
21631
21632
21644
21645
21649
21651
21658
21664
21668
21670
21679
21695
21701
21709
21723
21726
21734
21740
21743
21747
21752
21756
21770
21774
21787
21806
21827
21871
21873
21884
21888
21898
21904
21908
21916
21919
21927
21931
21941
21944
21952
21973
22000
22013
22037
22042
22046
22049
22050
22053
22064
22066
22082
22091
22112
22113
22117
22130
22135
22140
22165
22169
22180
22190
22198
22202
22218
22236
22237
22239
22242
22245
22253
22254
22258
22262
22267
22268
22270
22274
22307
22312
22318
22323
22331
22336
22344
22350
22357
22369
22393
22397
22413
22422
22427
22428
22446
22455
22463
22467
22469
22474
22481
22495
22500
22524
22534
22548
22554
22555
22562
22574
22602
22607
22610
22611
22612
22614
22621
22630
22634
22655
22661
22668
22671
22677
22703
22708
22715
22716
22721
22724
22725
22729
22745
22748
22751
22756
22757
22761
22773
22774
22775
22779
22789
22807
22808
22811
22812
22824
22825
22832
22834
22842
22855
22864
22876
22892
22894
22899
22912
22938
22940
22944
22947
22960
22966
22999
23008
23014
23015
23021
23022
23035
23043
23047
23049
23050
23057
23063
23067
23071
23077
23081
23086
23088
23097
23099
23103
23120
23122
23129
23146
23160
23171
23194
23216
23218
23221
23229
23236
23247
23249
23256
23267
23277
23312
23327
23331
23344
23348
23349
23362
23367
23369
23393
23405
23408
23410
23427
23433
23435
23437
23439
23453
23473
23475
23483
23485
23488
23489
23491
23504
23513
23515
23521
23532
23544
23566
23582
23585
23592
23600
23610
23612
23614
23624
23643
23647
23659
23663
23673
23685
23687
23689
23690
23706
23714
23715
23721
23727
23740
23752
23768
23779
23788
23790
23811
23814
23816
23823
23827
23831
23835
23843
23847
23850
23856
23870
23876
23885
23892
23913
23926
23931
23943
23945
23957
23972
23976
23993
23996
24003
24006
24013
24014
24015
24035
24047
24053
24058
24079
24082
24116
24150
24158
24166
24168
24176
24192
24193
24195
24200
24201
24206
24208
24216
24218
24228
24236
24267
24269
24274
24278
24288
24293
24304
24308
24313
24318
24320
24321
24326
24328
24329
24356
24357
24362
24363
24364
24368
24373
24377
24383
24389
24417
24419
24423
24425
24434
24444
24454
24458
24475
24490
24491
24495
24502
24505
24510
24513
24515
24519
24526
24528
24535
24537
24546
24557
24602
24608
24611
24614
24617
24624
24628
24630
24631
24632
24648
24652
24654
24680
24687
24688
24692
24698
24703
24707
24710
24715
24724
24726
24727
24728
24730
24735
24740
24741
24746
24753
24754
24769
24770
24780
24789
24803
24805
24830
24831
24853
24860
24875
24880
24885
24890
24892
24903
24905
24907
24912
24915
24926
24933
24937
24944
24960
24964
24968
24969
24983
24990
25006
25007
25016
25020
25022
25023
25030
25033
25040
25041
25059
25062
25067
25090
25116
25120
25140
25147
25151
25152
25176
25180
25185
25198
25211
25221
25232
25237
25238
25245
25284
25288
25294
25306
25307
25309
25310
25311
25318
25335
25337
25354
25355
25361
25365
25382
25388
25395
25399
25401
25411
25412
25423
25426
25428
25441
25444
25445
25448
25453
25455
25467
25477
25478
25479
25486
25490
25494
25499
25501
25503
25513
25515
25520
25522
25534
25535
25539
25541
25544
25547
25549
25550
25553
25555
25562
25572
25573
25576
25583
25587
25590
25603
25610
25611
25627
25645
25646
25650
25651
25656
25667
25684
25706
25708
25727
25739
25753
25754
25768
25771
25785
25796
25799
25834
25836
25861
25869
25879
25890
25907
25912
25914
25922
25931
25932
25942
25943
25949
25951
25955
25956
25960
25966
25981
25985
25990
26006
26009
26027
26049
26075
26077
26095
26104
26112
26115
26123
26125
26134
26141
26149
26152
26158
26161
26176
26181
26201
26205
26216
26243
26244
26262
26264
26268
26269
26277
26283
26293
26297
26306
26307
26308
26316
26318
26320
26324
26327
26329
26332
26351
26368
26388
26392
26395
26413
26415
26417
26428
26431
26439
26473
26478
26482
26483
26488
26503
26521
26522
26534
26538
26539
26546
26558
26564
26575
26589
26593
26594
26598
26629
26640
26642
26643
26650
26651
26652
26655
26660
26665
26666
26670
26672
26683
26685
26687
26691
26694
26702
26703
26713
26714
26725
26752
26758
26764
26773
26777
26779
26802
26816
26826
26827
26831
26840
26845
26857
26860
26861
26862
26901
26907
26913
26918
26931
26932
26935
26942
26948
26951
26953
26955
26959
26961
26965
26967
26974
26975
26998
26999
27001
27004
27010
27012
27015
27016
27021
27042
27049
27052
27058
27075
27076
27078
27082
27083
27099
27108
27111
27113
27116
27117
27122
27125
27138
27151
27168
27171
27172
27181
27192
27201
27208
27245
27246
27247
27251
27255
27267
27269
27285
27286
27296
27298
27302
27307
27315
27316
27349
27355
27359
27360
27361
27375
27382
27388
27389
27392
27409
27412
27420
27467
27476
27478
27483
27495
27498
27500
27509
27513
27518
27520
27521
27525
27529
27533
27537
27538
27539
27542
27551
27553
27558
27562
27565
27569
27575
27577
27592
27599
27610
27615
27623
27625
27631
27632
27635
27646
27680
27685
27686
27693
27695
27697
27702
27717
27718
27729
27730
27742
27746
27778
27781
27782
27787
27789
27796
27803
27807
27812
27826
27828
27837
27838
27846
27865
27868
27871
27876
27878
27879
27881
27883
27886
27922
27923
27941
27943
27945
27947
27950
27963
27969
27975
27976
27987
27989
27990
27997
27999
28011
28026
28034
28037
28052
28063
28073
28082
28089
28093
28103
28105
28106
28125
28127
28132
28145
28146
28148
28152
28162
28170
28173
28191
28196
28202
28204
28207
28232
28238
28241
28245
28247
28248
28251
28270
28276
28277
28281
28285
28288
28291
28302
28326
28344
28349
28350
28353
28361
28367
28372
28377
28412
28413
28415
28418
28424
28432
28439
28443
28455
28462
28473
28480
28492
28497
28501
28513
28515
28516
28529
28535
28549
28556
28564
28579
28584
28588
28589
28598
28606
28626
28633
28635
28636
28652
28654
28660
28661
28667
28668
28673
28674
28678
28680
28691
28692
28699
28733
28738
28760
28765
28775
28787
28789
28793
28795
28796
28815
28822
28826
28839
28840
28842
28851
28861
28868
28877
28878
28887
28890
28916
28923
28926
28945
28961
28971
28972
28995
29001
29005
29012
29016
29017
29031
29037
29044
29050
29056
29062
29065
29068
29069
29073
29077
29082
29083
29085
29096
29102
29106
29107
29125
29128
29146
29148
29154
29155
29168
29180
29198
29209
29215
29240
29249
29250
29253
29258
29260
29269
29277
29290
29298
29305
29307
29310
29316
29323
29331
29350
29356
29360
29368
29372
29373
29389
29392
29403
29404
29422
29424
29432
29433
29434
29441
29446
29467
29468
29471
29478
29487
29496
29501
29502
29521
29539
29541
29542
29574
29576
29586
29589
29596
29602
29611
29624
29630
29634
29635
29636
29639
29640
29642
29647
29654
29656
29658
29670
29677
29682
29700
29713
29716
29717
29725
29734
29746
29757
29765
29785
29808
29815
29824
29829
29832
29838
29842
29855
29860
29866
29884
29938
29944
29946
29951
29952
29964
29966
29970
29992
29999
