9
36
41
50
53
55
61
74
93
106
108
138
199
210
215
222
264
275
281
285
304
322
323
333
368
385
386
436
450
453
456
471
519
524
528
555
562
572
584
590
598
618
629
653
656
678
686
695
709
719
724
733
745
764
774
790
822
825
834
837
838
858
869
873
879
914
924
935
945
948
954
961
989
1007
1010
1035
1040
1055
1056
1102
1104
1109
1118
1121
1142
1152
1156
1158
1175
1189
1191
1192
1193
1202
1204
1216
1229
1268
1277
1279
1291
1292
1309
1318
1344
1357
1361
1370
1389
1398
1417
1426
1437
1439
1440
1459
1478
1501
1504
1514
1526
1529
1565
1572
1573
1582
1611
1636
1642
1648
1654
1671
1673
1676
1684
1687
1742
1766
1788
1809
1813
1844
1865
1869
1899
1913
1926
1933
1935
1959
1960
1965
1970
1978
1984
2065
2082
2091
2100
2111
2114
2125
2155
2163
2191
2213
2247
2248
2249
2291
2315
2327
2337
2353
2369
2399
2401
2422
2430
2432
2437
2440
2455
2462
2465
2471
2494
2520
2544
2565
2579
2597
2615
2625
2637
2654
2661
2663
2684
2691
2713
2751
2773
2808
2863
2868
2881
2910
2916
2932
2934
2936
2985
3013
3020
3022
3024
3048
3065
3101
3115
3132
3165
3182
3204
3259
3267
3269
3302
3332
3348
3381
3399
3405
3430
3434
3442
3443
3447
3456
3458
3466
3471
3477
3492
3514
3528
3548
3562
3577
3590
3598
3600
3620
3638
3640
3680
3681
3684
3687
3688
3701
3715
3750
3751
3797
3801
3827
3834
3856
3864
3871
3873
3883
3887
3893
3915
3926
3932
3934
3959
3978
4050
4091
4101
4110
4114
4119
4140
4162
4169
4198
4204
4218
4221
4240
4254
4268
4272
4273
4275
4303
4338
4342
4368
4376
4378
4379
4394
4414
4416
4418
4422
4460
4464
4469
4476
4497
4504
4507
4526
4541
4553
4569
4572
4592
4594
4628
4629
4637
4663
4703
4717
4756
4782
4792
4840
4847
4859
4887
4895
4900
4922
4975
4976
4979
4988
5000
5020
5021
5022
5037
5047
5062
5067
5121
5130
5145
5182
5184
5191
5214
5219
5224
5275
5294
5359
5376
5381
5395
5400
5411
5413
5426
5432
5434
5435
5445
5454
5459
5465
5470
5477
5508
5521
5536
5542
5555
5582
5584
5599
5608
5626
5636
5647
5651
5676
5690
5701
5742
5746
5767
5776
5799
5812
5826
5830
5859
5870
5936
5940
5943
5951
5953
5965
5989
6008
6030
6032
6046
6087
6113
6120
6128
6140
6142
6165
6185
6218
6222
6225
6239
6247
6279
6314
6316
6381
6415
6424
6425
6436
6443
6445
6506
6531
6542
6560
6565
6572
6580
6592
6598
6621
6630
6672
6687
6697
6722
6724
6730
6749
6771
6782
6788
6796
6811
6870
6872
6891
6899
6913
6931
6937
6951
6960
6986
6989
7011
7018
7034
7053
7072
7074
7087
7100
7113
7138
7152
7167
7182
7194
7209
7222
7242
7243
7252
7287
7298
7319
7329
7373
7412
7427
7447
7456
7458
7464
7467
7468
7469
7482
7503
7504
7508
7510
7570
7572
7590
7595
7597
7609
7617
7632
7649
7652
7657
7675
7684
7693
7726
7790
7799
7801
7802
7821
7825
7832
7839
7909
7925
7960
8091
8141
8144
8164
8175
8192
8196
8223
8228
8247
8249
8256
8258
8286
8292
8316
8318
8332
8339
8340
8356
8384
8385
8407
8408
8422
8430
8440
8453
8521
8535
8536
8539
8580
8581
8667
8727
8764
8766
8772
8776
8780
8794
8797
8804
8813
8822
8867
8879
8894
8908
8946
8973
8985
9015
9039
9045
9047
9053
9068
9095
9097
9141
9142
9147
9148
9152
9166
9174
9184
9205
9206
9218
9238
9295
9296
9298
9332
9334
9335
9343
9360
9369
9396
9398
9408
9411
9412
9444
9447
9473
9484
9491
9501
9507
9517
9522
9539
9559
9590
9600
9610
9633
9637
9681
9690
9736
9756
9765
9784
9799
9815
9871
9877
9890
9893
9902
9905
9912
9915
9924
9943
9945
9954
10001
10008
10009
10015
10020
10031
10049
10053
10065
10066
10077
10095
10130
10136
10145
10160
10162
10171
10182
10203
10221
10231
10251
10265
10269
10291
10292
10318
10320
10322
10346
10358
10378
10399
10408
10411
10416
10430
10433
10444
10450
10466
10485
10580
10591
10599
10611
10619
10635
10638
10660
10663
10670
10680
10701
10714
10732
10823
10827
10837
10863
10875
10877
10881
10906
10911
10913
10925
10928
10933
10940
10972
10974
10994
11023
11033
11056
11059
11081
11086
11099
11106
11115
11122
11133
11140
11141
11147
11164
11187
11191
11194
11225
11235
11258
11272
11289
11317
11318
11345
11357
11390
11411
11416
11432
11447
11452
11470
11494
11495
11502
11520
11531
11544
11548
11558
11559
11575
11627
11643
11646
11648
11652
11659
11661
11676
11686
11694
11698
11699
11730
11732
11742
11749
11751
11754
11755
11779
11780
11789
11793
11805
11807
11810
11821
11825
11860
11880
11882
11884
11895
11906
11910
11925
11943
11951
11974
12001
12014
12021
12036
12042
12056
12087
12101
12106
12160
12163
12230
12233
12250
12280
12298
12353
12363
12364
12368
12440
12498
12508
12513
12540
12550
12554
12589
12595
12624
12639
12641
12679
12683
12690
12724
12729
12735
12739
12756
12758
12770
12797
12798
12805
12836
12860
12876
12883
12892
12916
12928
12950
12989
13005
13022
13029
13030
13042
13071
13080
13083
13088
13107
13149
13161
13206
13210
13233
13243
13301
13342
13351
13356
13390
13404
13407
13423
13427
13447
13449
13459
13470
13493
13506
13511
13513
13518
13525
13539
13540
13570
13574
13575
13579
13581
13611
13626
13656
13665
13668
13678
13703
13704
13730
13736
13748
13781
13786
13802
13828
13916
13923
13959
13960
13989
14002
14005
14006
14014
14020
14027
14038
14069
14079
14085
14101
14129
14198
14207
14252
14265
14278
14293
14303
14306
14311
14325
14336
14379
14386
14421
14434
14448
14462
14471
14497
14508
14514
14527
14553
14557
14559
14579
14587
14638
14643
14654
14662
14690
14697
14713
14715
14732
14774
14783
14788
14807
14809
14815
14823
14854
14863
14877
14882
14908
14913
14919
14968
14986
14990
14994
15003
15030
15040
15042
15049
15065
15091
15093
15141
15143
15152
15171
15177
15179
15201
15210
15221
15236
15243
15246
15282
15297
15335
15342
15362
15368
15370
15391
15411
15419
15423
15431
15444
15448
15449
15452
15475
15510
15522
15535
15561
15595
15613
15619
15632
15637
15639
15651
15660
15724
15726
15732
15740
15748
15773
15798
15804
15813
15822
15846
15847
15868
15877
15878
15896
15898
15908
15916
15934
15952
15959
15976
15977
15984
15993
15996
16000
16013
16039
16054
16065
16097
16106
16115
16119
16121
16148
16156
16165
16172
16179
16187
16189
16195
16199
16218
16230
16256
16278
16313
16320
16348
16372
16373
16374
16395
16396
16403
16404
16425
16436
16437
16455
16458
16484
16503
16532
16547
16550
16554
16582
16611
16617
16621
16625
16634
16636
16657
16660
16666
16675
16676
16680
16697
16706
16711
16715
16737
16741
16754
16756
16765
16783
16791
16806
16821
16842
16849
16869
16870
16885
16891
16916
16927
16937
16943
16972
16997
17003
17012
17016
17028
17040
17042
17047
17055
17070
17072
17080
17082
17104
17155
17159
17191
17192
17203
17234
17255
17260
17264
17266
17278
17288
17309
17314
17326
17334
17342
17361
17397
17398
17399
17442
17488
17508
17538
17547
17552
17555
17623
17646
17650
17651
17653
17657
17701
17715
17724
17727
17768
17793
17796
17799
17811
17818
17827
17867
17897
17919
17957
17960
17964
18004
18011
18021
18027
18087
18088
18094
18096
18123
18124
18125
18140
18154
18165
18198
18209
18235
18243
18250
18252
18253
18254
18266
18278
18283
18317
18321
18324
18335
18363
18364
18387
18435
18454
18494
18506
18511
18525
18583
18592
18594
18616
18650
18729
18752
18753
18754
18768
18797
18814
18821
18831
18846
18847
18860
18868
18879
18883
18916
18936
18951
18975
18977
18983
18995
19014
19020
19023
19024
19026
19047
19058
19061
19089
19109
19114
19123
19136
19263
19265
19321
19342
19354
19376
19380
19403
19437
19440
19456
19465
19466
19496
19506
19518
19519
19520
19523
19537
19549
19555
19561
19567
19624
19662
19724
19740
19743
19776
19787
19796
19806
19814
19816
19824
19876
19878
19897
19898
19934
19939
19944
19975
20028
20032
20056
20066
20075
20084
20087
20104
20105
20108
20109
20125
20135
20146
20180
20191
20217
20236
20239
20252
20268
20297
20311
20316
20323
20331
20342
20355
20368
20371
20373
20380
20409
20412
20424
20435
20451
20452
20475
20478
20485
20491
20493
20515
20529
20601
20709
20713
20729
20741
20757
20767
20787
20791
20823
20826
20829
20840
20854
20877
20906
20913
20914
20919
20943
20978
20979
21009
21013
21039
21045
21060
21091
21098
21139
21163
21164
21170
21192
21201
21204
21225
21239
21244
21246
21264
21280
21282
21283
21318
21330
21342
21350
21353
21402
21416
21425
21436
21437
21488
21500
21507
21510
21643
21654
21666
21678
21684
21698
21727
21744
21765
21790
21794
21808
21818
21886
21897
21914
21930
21941
21960
21985
22005
22054
22057
22059
22067
22070
22085
22135
22150
22166
22209
22221
22246
22253
22261
22272
22276
22284
22317
22321
22339
22370
22406
22426
22437
22479
22483
22546
22550
22551
22554
22555
22577
22607
22609
22612
22613
22616
22621
22640
22663
22674
22678
22684
22714
22716
22719
22732
22754
22772
22830
22840
22841
22851
22856
22892
22930
22950
22961
22967
22987
22999
23007
23038
23041
23047
23055
23078
23107
23108
23118
23125
23217
23223
23234
23236
23248
23257
23272
23307
23325
23334
23340
23372
23414
23436
23440
23464
23485
23489
23493
23495
23498
23519
23523
23525
23595
23618
23629
23632
23653
23666
23681
23693
23694
23700
23726
23731
23736
23752
23765
23774
23789
23793
23821
23839
23841
23860
23881
23927
23939
23970
23995
23999
24036
24059
24067
24071
24092
24094
24121
24154
24159
24164
24183
24203
24207
24208
24211
24214
24228
24230
24246
24271
24296
24315
24319
24406
24408
24414
24423
24434
24441
24443
24462
24475
24476
24481
24500
24503
24507
24514
24530
24542
24600
24609
24613
24625
24628
24637
24648
24653
24688
24726
24728
24730
24747
24749
24750
24754
24759
24776
24798
24834
24836
24844
24857
24865
24871
24885
24893
24905
24907
24917
24933
24944
24956
24977
24981
24994
25021
25024
25027
25040
25046
25056
25061
25081
25129
25154
25178
25193
25212
25253
25259
25262
25271
25281
25291
25304
25306
25308
25326
25328
25338
25358
25360
25378
25383
25386
25396
25399
25416
25429
25448
25449
25475
25476
25486
25494
25504
25520
25525
25537
25543
25545
25546
25550
25556
25562
25575
25576
25578
25589
25613
25614
25649
25651
25665
25679
25698
25701
25704
25749
25751
25763
25779
25784
25850
25895
25899
25907
25918
25919
25932
25952
25954
25985
25986
25990
26028
26076
26084
26085
26093
26102
26122
26129
26176
26226
26231
26261
26272
26289
26292
26298
26301
26321
26369
26404
26412
26416
26455
26463
26464
26508
26511
26519
26530
26558
26571
26572
26600
26619
26625
26626
26629
26636
26647
26650
26651
26658
26665
26677
26709
26725
26730
26732
26754
26769
26781
26791
26796
26804
26807
26809
26814
26829
26838
26856
26870
26871
26891
26893
26899
26901
26913
26940
26958
26964
26966
26986
26990
27013
27021
27022
27029
27040
27049
27051
27055
27064
27066
27087
27114
27140
27154
27195
27199
27201
27203
27213
27217
27235
27236
27254
27303
27326
27343
27344
27374
27375
27378
27394
27431
27440
27450
27454
27455
27472
27481
27505
27507
27515
27519
27540
27553
27559
27562
27566
27627
27638
27643
27660
27661
27672
27673
27674
27693
27718
27723
27737
27748
27761
27774
27778
27790
27791
27794
27803
27828
27833
27839
27912
27919
27933
27942
27945
27950
27963
27966
27970
27971
27979
27989
28017
28037
28046
28055
28065
28079
28130
28159
28160
28178
28185
28190
28198
28208
28218
28229
28237
28258
28269
28273
28278
28291
28306
28314
28339
28354
28400
28403
28410
28428
28432
28441
28448
28455
28462
28478
28481
28499
28521
28544
28585
28630
28649
28652
28656
28657
28661
28670
28679
28688
28725
28774
28775
28781
28802
28826
28828
28837
28846
28856
28867
28868
28874
28913
28958
28960
28991
29006
29045
29063
29067
29071
29078
29081
29092
29097
29122
29125
29141
29143
29182
29218
29227
29250
29251
29263
29271
29288
29324
29327
29374
29380
29385
29406
29420
29425
29426
29441
29446
29458
29462
29468
29491
29532
29575
29577
29619
29630
29651
29658
29660
29661
29665
29668
29672
29695
29710
29736
29738
29741
29745
29755
29779
29782
29803
29827
29856
29862
29866
29878
29892
29963
29970
29973
29980
29981
