954
1055
1156
1175
1268
1361
1439
1440
1684
1844
1960
2082
2125
2247
2315
2430
2440
2691
2916
2985
3267
3399
3471
3492
3680
3684
3701
3801
4091
4110
4221
4376
4422
4847
4887
5020
5047
5182
5608
5626
5746
5951
6087
6165
6415
6424
6542
6592
6724
6730
6788
6891
6951
7252
7287
7572
7632
7657
7832
7909
7925
8091
8247
8407
8430
8521
8797
8804
8822
9045
9053
9097
9205
9238
9447
9491
9799
9893
10053
10580
10611
10701
10925
10974
11141
11416
11661
11698
11951
12550
12679
12729
12735
12758
13030
13071
13161
13233
13243
13518
13525
13923
13989
14002
14005
14069
14129
14306
14386
14421
14732
15003
15042
15091
15093
15210
15391
15419
15431
15651
16039
16065
16187
16348
16374
16484
16636
16997
17314
17361
17555
17796
17957
18004
18087
18165
18209
18250
18278
18650
18814
18821
18868
19136
19321
19456
19466
19537
19555
20191
20311
20452
20493
20529
20829
20840
21192
21239
21244
21264
21727
21914
21930
22209
22577
22612
23038
23055
23436
23495
23694
23731
23860
24059
24094
24408
24423
24514
24836
25178
25326
25486
25494
25525
25546
26028
26102
26665
26677
26807
26913
27236
27507
27718
28160
28208
28410
28432
28781
28868
29141
29271
29420
29532
