3
28
91
124
166
183
197
280
291
294
340
343
433
501
571
653
668
672
689
714
728
743
782
830
848
878
1005
1029
1039
1040
1066
1099
1136
1152
1179
1259
1263
1275
1284
1304
1348
1360
1361
1374
1404
1422
1514
1518
1538
1563
1566
1599
1617
1635
1644
1713
1752
1802
1808
1822
1830
1836
1838
1849
1886
1958
1966
1997
2015
2045
2080
2081
2102
2198
2216
2254
2255
2270
2284
2288
2293
2301
2304
2403
2441
2455
2464
2474
2497
2528
2597
2600
2639
2642
2687
2690
2697
2714
2743
2749
2798
2802
2819
2822
2832
2916
2924
2971
3000
3011
3163
3195
3205
3207
3248
3349
3358
3375
3403
3409
3451
3487
3516
3584
3588
3625
3628
3631
3632
3647
3697
3748
3753
3798
3838
3844
3865
3877
3882
3933
4046
4056
4069
4102
4133
4161
4168
4182
4214
4221
4228
4295
4300
4331
4369
4370
4416
4419
4450
4456
4461
4509
4512
4530
4553
4556
4587
4597
4722
4759
4815
4862
4868
4875
4954
4974
5028
5040
5127
5163
5207
5301
5357
5395
5412
5428
5474
5485
5524
5559
5569
5600
5613
5620
5640
5647
5687
5697
5730
5754
5756
5779
5807
5820
5862
5898
5933
5968
5982
5996
6007
6053
6099
6124
6146
6171
6222
6227
6240
6250
6313
6416
6430
6447
6521
6561
6571
6589
6592
6630
6691
6720
6729
6780
6784
6789
6808
6871
6919
6945
6971
6975
7116
7165
7181
7189
7211
7237
7246
7292
7319
7453
7461
7512
7577
7579
7610
7613
7653
7661
7674
7687
7706
7777
7869
7875
7947
7960
8130
8183
8189
8219
8236
8281
8298
8363
8378
8388
8429
8436
8458
8459
8573
8592
8626
8627
8707
8815
8853
8855
8861
8866
8873
8944
8956
9024
9068
9096
9106
9133
9161
9193
9223
9230
9260
9261
9289
9290
9335
9344
9377
9379
9398
9417
9444
9458
9459
9490
9494
9542
9547
9552
9567
9575
9576
9642
9672
9781
9826
9846
9921
9923
9938
9948
9950
9996
10001
10007
10008
10070
10083
10101
10141
10151
10169
10177
10289
10313
10316
10338
10342
10370
10420
10433
10438
10542
10573
10605
10616
10633
10668
10700
10713
10802
10878
10892
10894
10936
10944
11066
11091
11100
11157
11158
11198
11219
11251
11278
11306
11327
11402
11425
11435
11453
11529
11531
11539
11549
11568
11637
11650
11673
11685
11702
11705
11706
11737
11761
11763
11767
11768
11790
11819
11823
11828
11831
11896
11913
11921
11927
11951
11975
11997
12014
12030
12048
12080
12149
12151
12155
12267
12274
12328
12460
12493
12502
12591
12629
12632
12680
12684
12709
12710
12741
12751
12791
12829
12861
12866
12937
12982
13022
13033
13042
13055
13096
13109
13142
13166
13176
13243
13291
13295
13321
13356
13381
13406
13452
13459
13468
13481
13506
13508
13516
13520
13555
13626
13650
13656
13657
13680
13693
13735
13751
13882
13915
13932
13939
13964
13969
14006
14033
14049
14090
14236
14265
14267
14271
14282
14291
14329
14345
14349
14360
14388
14410
14424
14432
14513
14518
14539
14546
14621
14672
14676
14695
14782
14830
14848
14896
14942
14964
14969
14973
14986
15003
15014
15016
15023
15075
15079
15114
15116
15118
15145
15217
15228
15250
15261
15269
15335
15340
15362
15385
15406
15425
15514
15523
15558
15602
15623
15643
15648
15737
15740
15752
15757
15773
15798
15845
15862
15895
15970
16011
16042
16054
16062
16094
16101
16110
16151
16178
16181
16192
16212
16322
16383
16384
16417
16455
16456
16472
16499
16503
16586
16600
16690
16705
16709
16728
16765
16781
16791
16801
16805
16811
16839
16867
16892
16972
16996
17046
17086
17118
17133
17199
17241
17243
17315
17370
17422
17467
17552
17616
17619
17709
17759
17773
17825
17861
17864
17937
17948
18018
18022
18060
18076
18131
18132
18134
18140
18186
18195
18247
18260
18289
18298
18323
18328
18402
18477
18537
18542
18620
18627
18645
18684
18757
18772
18774
18789
18841
18849
18874
18884
18896
18910
18955
18969
18981
19011
19041
19050
19056
19091
19123
19156
19167
19290
19293
19360
19368
19377
19384
19387
19444
19475
19478
19503
19516
19518
19574
19580
19591
19609
19612
19616
19634
19640
19689
19783
19857
19972
20004
20052
20076
20093
20103
20125
20127
20133
20203
20210
20268
20353
20366
20386
20396
20407
20411
20500
20528
20535
20579
20763
20768
20838
20866
20873
20882
20895
20947
20948
21032
21036
21069
21074
21113
21118
21130
21184
21210
21221
21237
21247
21250
21258
21269
21284
21288
21325
21348
21489
21649
21668
21679
21709
21726
21770
21774
21884
21904
21919
22042
22050
22066
22113
22117
22202
22218
22237
22262
22307
22312
22357
22413
22427
22455
22467
22469
22548
22555
22574
22607
22610
22611
22655
22668
22671
22703
22708
22724
22745
22757
22824
22825
22899
22947
22960
22966
22999
23035
23047
23050
23067
23086
23088
23097
23103
23120
23218
23229
23236
23312
23327
23331
23427
23433
23485
23513
23521
23624
23673
23685
23689
23690
23721
23788
23823
23850
23870
23892
23943
23976
23993
24047
24053
24079
24082
24116
24166
24176
24200
24228
24304
24318
24321
24417
24419
24434
24444
24475
24490
24513
24515
24526
24608
24611
24624
24652
24710
24728
24746
24831
24892
24903
24926
24983
25023
25041
25090
25152
25180
25198
25284
25294
25306
25318
25337
25354
25355
25365
25382
25411
25412
25455
25486
25494
25522
25544
25549
25562
25573
25576
25650
25667
25684
25708
25768
25861
25907
25912
25922
25985
26006
26049
26104
26112
26115
26125
26134
26149
26181
26283
26318
26324
26439
26546
26575
26629
26642
26665
26666
26683
26685
26687
26691
26694
26713
26779
26816
26831
26845
26857
26860
26959
26967
26998
27075
27099
27111
27125
27168
27181
27192
27247
27269
27285
27286
27389
27409
27478
27553
27575
27599
27695
27717
27778
27812
27828
27838
27868
27947
27963
27976
27987
27999
28063
28073
28082
28093
28105
28106
28127
28173
28202
28207
28270
28281
28288
28326
28367
28418
28439
28443
28455
28462
28480
28497
28516
28535
28635
28654
28661
28680
28787
28793
28822
28842
28851
28878
28972
29017
29050
29073
29125
29146
29148
29209
29215
29240
29253
29260
29277
29316
29331
29350
29372
29403
29422
29424
29446
29501
29542
29602
29624
29634
29647
29670
29725
29824
29838
29842
29855
29866
29938
29946
29951
29952
