0
2
3
4
6
15
16
21
22
24
25
26
27
28
33
38
49
51
52
56
57
60
63
66
68
69
74
75
78
83
85
86
87
91
95
96
97
101
105
114
116
118
119
120
121
123
124
125
127
129
134
136
143
144
148
150
155
156
157
159
165
166
167
169
173
174
176
179
180
181
182
183
185
186
187
190
197
198
199
200
202
203
204
205
206
213
214
222
224
225
232
233
239
243
245
254
259
261
263
268
269
271
273
278
280
281
284
286
291
293
294
299
301
303
310
311
314
317
323
326
328
340
343
344
351
352
353
354
355
361
366
367
371
378
381
382
383
384
394
395
396
400
404
410
413
425
430
431
433
437
441
446
449
451
456
459
460
463
464
466
470
472
474
476
477
483
485
486
493
495
499
501
502
505
507
509
510
516
522
529
530
531
534
538
542
544
545
546
551
554
556
561
566
568
571
581
587
594
596
601
602
608
611
612
618
623
625
626
628
629
635
641
644
648
650
653
654
658
663
664
666
667
668
671
672
673
674
676
677
685
689
690
694
695
696
698
700
714
720
722
725
728
735
736
740
743
747
750
754
755
756
764
765
768
769
773
777
778
782
787
794
796
798
801
805
806
807
808
811
816
817
822
824
829
830
833
840
841
844
848
855
858
864
867
870
876
878
879
881
887
890
891
893
897
903
905
906
911
914
917
919
927
928
930
931
933
936
938
939
943
945
946
948
951
952
954
955
961
964
968
969
972
974
975
979
984
985
986
992
1001
1004
1005
1006
1009
1011
1012
1015
1016
1022
1029
1030
1031
1032
1039
1040
1043
1044
1047
1050
1060
1066
1067
1072
1073
1076
1077
1081
1083
1087
1090
1091
1099
1104
1105
1106
1108
1110
1114
1117
1120
1129
1132
1135
1136
1139
1144
1150
1152
1154
1155
1158
1165
1166
1173
1174
1175
1179
1180
1181
1189
1191
1198
1200
1202
1209
1210
1216
1217
1221
1234
1235
1237
1240
1242
1248
1255
1257
1259
1261
1262
1263
1265
1266
1269
1271
1275
1276
1279
1280
1281
1283
1284
1288
1289
1292
1293
1297
1303
1304
1307
1311
1317
1321
1322
1325
1326
1328
1331
1332
1335
1337
1342
1344
1348
1351
1352
1353
1355
1357
1358
1359
1360
1361
1364
1368
1372
1374
1379
1381
1385
1388
1389
1391
1393
1394
1401
1402
1403
1404
1405
1406
1408
1413
1415
1417
1421
1422
1425
1432
1437
1440
1441
1443
1448
1449
1452
1454
1455
1459
1470
1472
1473
1474
1475
1480
1481
1484
1485
1488
1489
1490
1491
1493
1496
1499
1500
1505
1506
1512
1514
1515
1516
1518
1522
1525
1527
1529
1531
1538
1541
1542
1545
1550
1553
1554
1555
1557
1559
1563
1565
1566
1569
1571
1582
1584
1588
1591
1595
1598
1599
1600
1603
1604
1606
1607
1616
1617
1619
1621
1622
1625
1626
1629
1630
1635
1636
1638
1644
1646
1648
1649
1662
1667
1668
1670
1672
1673
1679
1680
1681
1683
1684
1689
1690
1691
1693
1697
1704
1709
1713
1716
1718
1726
1728
1729
1732
1739
1742
1743
1749
1752
1753
1754
1764
1766
1772
1776
1778
1779
1782
1784
1787
1790
1791
1792
1794
1800
1801
1802
1806
1808
1814
1816
1819
1821
1822
1830
1836
1838
1844
1847
1849
1853
1855
1862
1863
1864
1871
1875
1876
1877
1878
1881
1884
1886
1889
1891
1892
1894
1906
1912
1915
1921
1922
1926
1928
1939
1942
1943
1946
1947
1956
1958
1961
1966
1968
1971
1973
1976
1978
1980
1984
1986
1987
1990
1991
1993
1994
1995
1997
1999
2002
2003
2004
2008
2009
2015
2017
2019
2028
2033
2034
2036
2037
2041
2045
2046
2048
2050
2062
2067
2076
2078
2080
2081
2088
2091
2094
2095
2101
2102
2107
2108
2109
2111
2112
2113
2115
2116
2118
2121
2122
2128
2130
2132
2134
2135
2136
2137
2139
2156
2162
2163
2167
2176
2179
2191
2193
2195
2196
2197
2198
2202
2203
2204
2210
2216
2225
2228
2233
2234
2237
2241
2244
2246
2249
2252
2253
2254
2255
2260
2268
2270
2271
2272
2274
2277
2278
2282
2284
2287
2288
2289
2290
2293
2297
2299
2301
2302
2304
2305
2306
2309
2314
2316
2317
2318
2324
2329
2333
2335
2336
2340
2341
2343
2350
2351
2353
2356
2357
2359
2360
2363
2364
2365
2370
2371
2374
2376
2379
2380
2384
2390
2396
2398
2399
2402
2403
2404
2405
2406
2408
2411
2412
2421
2422
2423
2424
2425
2428
2429
2432
2435
2437
2439
2441
2444
2446
2455
2461
2462
2463
2464
2465
2474
2478
2483
2484
2485
2487
2489
2490
2492
2495
2497
2498
2501
2503
2506
2510
2511
2512
2513
2520
2522
2524
2525
2526
2528
2529
2530
2532
2533
2535
2538
2549
2554
2557
2558
2561
2568
2570
2575
2576
2578
2579
2580
2581
2582
2584
2586
2589
2590
2593
2596
2597
2598
2600
2604
2605
2614
2620
2624
2629
2630
2631
2632
2633
2635
2636
2639
2642
2643
2645
2649
2652
2658
2662
2664
2666
2669
2671
2672
2679
2680
2681
2682
2683
2686
2687
2689
2690
2695
2697
2702
2704
2709
2711
2713
2714
2715
2716
2720
2722
2723
2724
2731
2738
2739
2741
2742
2743
2746
2747
2748
2749
2750
2761
2762
2764
2769
2770
2773
2775
2781
2784
2785
2791
2798
2800
2802
2806
2811
2812
2814
2816
2817
2819
2822
2823
2825
2827
2830
2832
2835
2837
2838
2840
2844
2846
2848
2852
2856
2862
2865
2866
2868
2869
2870
2881
2887
2888
2889
2892
2893
2897
2903
2904
2908
2912
2914
2916
2920
2924
2927
2928
2930
2941
2942
2948
2950
2958
2959
2962
2963
2964
2971
2973
2974
2975
2977
2984
2990
2995
3000
3003
3006
3007
3009
3011
3015
3019
3020
3021
3024
3029
3031
3034
3036
3038
3039
3040
3042
3051
3055
3061
3062
3065
3067
3072
3073
3074
3075
3076
3077
3080
3083
3087
3095
3098
3099
3102
3104
3106
3108
3109
3114
3116
3118
3121
3125
3126
3128
3134
3137
3138
3139
3141
3147
3152
3155
3157
3158
3161
3163
3167
3170
3173
3177
3182
3183
3190
3195
3197
3198
3199
3205
3207
3213
3214
3215
3231
3243
3247
3248
3256
3257
3260
3261
3267
3269
3270
3275
3279
3282
3284
3285
3289
3292
3298
3302
3303
3304
3308
3318
3320
3322
3324
3326
3327
3329
3332
3334
3336
3341
3346
3348
3349
3350
3353
3358
3360
3361
3364
3365
3368
3369
3370
3373
3374
3375
3378
3381
3382
3383
3388
3389
3391
3394
3396
3398
3400
3403
3404
3407
3409
3414
3415
3416
3417
3418
3423
3429
3433
3437
3440
3444
3446
3448
3449
3450
3451
3453
3455
3456
3460
3462
3463
3465
3473
3479
3487
3488
3493
3495
3497
3498
3499
3501
3505
3508
3511
3516
3530
3533
3536
3539
3544
3546
3548
3553
3554
3557
3558
3559
3560
3561
3566
3567
3568
3570
3578
3584
3588
3594
3595
3604
3613
3616
3620
3622
3623
3625
3626
3627
3628
3631
3632
3637
3642
3644
3647
3650
3652
3657
3658
3659
3660
3665
3667
3668
3672
3673
3674
3680
3683
3691
3692
3695
3697
3698
3699
3700
3706
3708
3710
3715
3716
3719
3734
3739
3745
3747
3748
3753
3757
3758
3763
3767
3769
3770
3771
3776
3778
3782
3784
3787
3788
3789
3794
3796
3797
3798
3801
3803
3817
3818
3824
3825
3827
3828
3835
3838
3839
3841
3844
3845
3849
3850
3851
3854
3860
3861
3865
3868
3872
3877
3879
3881
3882
3886
3887
3889
3894
3897
3902
3903
3904
3906
3908
3909
3912
3914
3919
3923
3927
3928
3932
3933
3936
3938
3941
3949
3953
3955
3959
3960
3963
3965
3966
3968
3969
3979
3980
3981
3986
3989
3991
3996
3997
3999
4000
4002
4003
4006
4007
4010
4011
4013
4019
4021
4025
4026
4029
4036
4039
4046
4050
4051
4055
4056
4058
4059
4064
4065
4069
4072
4078
4085
4087
4089
4092
4096
4099
4100
4101
4102
4105
4114
4120
4124
4126
4127
4129
4133
4138
4139
4140
4145
4148
4149
4150
4152
4153
4159
4161
4165
4167
4168
4169
4176
4177
4180
4181
4182
4184
4186
4187
4193
4195
4199
4200
4201
4204
4205
4206
4209
4210
4214
4215
4220
4221
4222
4227
4228
4229
4231
4232
4233
4238
4239
4244
4246
4249
4250
4252
4253
4255
4263
4266
4267
4268
4269
4270
4271
4275
4280
4281
4285
4286
4291
4295
4300
4301
4304
4305
4318
4319
4322
4324
4327
4330
4331
4334
4337
4341
4343
4344
4346
4347
4350
4351
4354
4356
4361
4366
4367
4369
4370
4371
4378
4382
4392
4396
4400
4404
4405
4407
4409
4410
4414
4416
4419
4420
4424
4428
4429
4433
4434
4436
4437
4438
4442
4444
4449
4450
4456
4458
4460
4461
4462
4464
4466
4470
4473
4483
4484
4486
4487
4491
4493
4497
4499
4500
4504
4505
4507
4509
4511
4512
4520
4523
4527
4528
4529
4530
4531
4532
4534
4535
4538
4543
4552
4553
4554
4556
4557
4563
4564
4568
4571
4577
4580
4582
4587
4593
4594
4597
4598
4606
4607
4613
4614
4615
4621
4622
4624
4627
4631
4632
4637
4639
4645
4655
4656
4657
4662
4668
4669
4672
4675
4676
4684
4690
4692
4697
4701
4711
4712
4713
4719
4722
4726
4727
4732
4736
4738
4741
4747
4749
4750
4756
4757
4758
4759
4763
4766
4767
4768
4771
4775
4783
4792
4800
4801
4803
4807
4814
4815
4818
4822
4828
4830
4837
4842
4843
4847
4851
4852
4856
4858
4861
4862
4864
4865
4866
4868
4872
4875
4881
4885
4888
4889
4890
4894
4895
4900
4902
4910
4913
4916
4921
4922
4925
4927
4932
4934
4942
4943
4947
4949
4951
4953
4954
4960
4963
4974
4975
4977
4978
4980
4981
4982
4987
4988
4989
4995
5003
5004
5008
5009
5010
5011
5013
5019
5024
5028
5034
5035
5036
5040
5041
5044
5046
5049
5056
5059
5063
5064
5073
5080
5081
5083
5086
5090
5091
5092
5094
5096
5098
5104
5105
5107
5110
5117
5121
5124
5125
5127
5128
5133
5139
5140
5144
5148
5149
5154
5156
5160
5161
5163
5166
5169
5171
5173
5177
5178
5181
5187
5189
5190
5193
5195
5196
5199
5202
5206
5207
5212
5213
5216
5217
5218
5220
5227
5230
5233
5236
5240
5241
5242
5246
5247
5249
5260
5261
5264
5266
5273
5276
5277
5280
5281
5284
5286
5287
5292
5294
5297
5299
5301
5306
5309
5311
5313
5315
5318
5322
5324
5326
5332
5346
5352
5356
5357
5362
5367
5375
5379
5381
5382
5384
5385
5387
5389
5392
5393
5395
5401
5402
5410
5411
5412
5415
5416
5418
5422
5424
5426
5428
5429
5433
5434
5435
5437
5439
5440
5445
5446
5448
5450
5451
5454
5456
5465
5466
5467
5471
5473
5474
5481
5485
5492
5496
5500
5503
5505
5508
5510
5512
5513
5515
5516
5524
5526
5530
5532
5540
5541
5543
5544
5550
5552
5553
5555
5556
5558
5559
5560
5562
5569
5570
5572
5574
5577
5578
5586
5597
5598
5599
5600
5602
5603
5605
5607
5611
5613
5614
5620
5622
5623
5624
5630
5637
5640
5643
5647
5654
5660
5661
5664
5665
5668
5671
5677
5680
5682
5684
5685
5687
5689
5690
5691
5692
5693
5694
5697
5700
5705
5714
5721
5730
5731
5734
5738
5739
5744
5746
5754
5756
5758
5760
5762
5765
5766
5770
5779
5784
5786
5790
5792
5795
5796
5798
5800
5801
5803
5805
5807
5810
5811
5815
5816
5820
5821
5824
5827
5831
5838
5847
5849
5853
5859
5860
5862
5863
5867
5869
5873
5875
5877
5882
5886
5893
5894
5895
5896
5897
5898
5899
5901
5908
5914
5915
5916
5919
5925
5926
5929
5933
5934
5936
5937
5940
5945
5947
5948
5956
5961
5963
5964
5966
5967
5968
5970
5971
5976
5977
5978
5979
5982
5983
5984
5985
5987
5991
5996
5997
5998
5999
6002
6007
6009
6010
6011
6016
6018
6022
6023
6026
6032
6035
6037
6038
6040
6041
6044
6045
6046
6049
6051
6053
6054
6056
6057
6059
6061
6062
6064
6065
6067
6068
6071
6072
6074
6076
6080
6082
6083
6084
6088
6098
6099
6100
6101
6104
6108
6110
6111
6113
6120
6122
6124
6126
6128
6130
6144
6145
6146
6151
6152
6153
6154
6156
6158
6160
6161
6169
6171
6172
6174
6177
6180
6184
6189
6190
6191
6203
6206
6208
6214
6215
6218
6219
6220
6222
6224
6225
6227
6228
6232
6233
6238
6240
6244
6245
6246
6249
6250
6251
6254
6255
6257
6258
6259
6263
6267
6271
6276
6277
6279
6280
6282
6283
6284
6287
6292
6299
6300
6303
6305
6309
6310
6313
6314
6316
6320
6323
6335
6339
6343
6344
6347
6348
6352
6357
6361
6362
6367
6369
6372
6375
6379
6383
6384
6385
6390
6391
6392
6393
6397
6403
6407
6409
6413
6416
6417
6422
6425
6430
6431
6432
6435
6439
6441
6444
6445
6446
6447
6450
6451
6452
6453
6454
6455
6456
6457
6458
6459
6461
6469
6470
6472
6481
6482
6488
6491
6493
6494
6501
6503
6505
6512
6514
6516
6520
6521
6529
6530
6546
6551
6555
6559
6560
6561
6564
6568
6571
6575
6576
6578
6579
6580
6582
6586
6587
6589
6590
6592
6593
6596
6600
6603
6605
6611
6616
6618
6622
6623
6630
6634
6638
6641
6646
6655
6657
6658
6660
6661
6665
6669
6674
6675
6678
6679
6682
6691
6693
6705
6707
6712
6713
6716
6717
6719
6720
6721
6723
6725
6726
6727
6729
6732
6737
6739
6741
6744
6745
6749
6753
6756
6757
6758
6759
6761
6764
6773
6776
6780
6784
6786
6789
6791
6798
6800
6802
6808
6810
6811
6814
6816
6817
6819
6820
6823
6831
6832
6833
6834
6836
6837
6838
6840
6843
6844
6850
6852
6853
6854
6858
6859
6860
6861
6862
6864
6868
6871
6872
6874
6876
6878
6879
6881
6883
6885
6887
6889
6891
6893
6895
6896
6900
6901
6904
6908
6911
6919
6923
6927
6929
6933
6934
6937
6943
6945
6947
6949
6950
6951
6956
6963
6967
6968
6971
6975
6981
6984
6987
6989
6990
6994
6996
6997
6998
6999
7000
7006
7007
7012
7015
7016
7020
7023
7026
7027
7029
7031
7032
7034
7043
7045
7046
7048
7049
7055
7058
7060
7061
7068
7070
7073
7077
7080
7084
7091
7094
7096
7100
7104
7107
7114
7116
7121
7124
7127
7130
7132
7133
7142
7147
7150
7151
7154
7156
7157
7164
7165
7166
7169
7171
7172
7173
7177
7179
7181
7186
7189
7192
7194
7198
7199
7202
7204
7209
7210
7211
7212
7214
7215
7220
7222
7228
7231
7232
7234
7235
7236
7237
7241
7242
7244
7246
7256
7257
7259
7261
7262
7265
7269
7276
7283
7285
7288
7292
7295
7304
7307
7309
7312
7317
7319
7321
7325
7326
7343
7344
7347
7348
7349
7353
7355
7356
7361
7362
7366
7373
7376
7377
7380
7382
7390
7398
7402
7409
7410
7415
7416
7418
7420
7422
7425
7428
7430
7433
7439
7441
7444
7445
7450
7452
7453
7458
7460
7461
7462
7464
7466
7467
7468
7469
7470
7473
7477
7480
7482
7487
7489
7490
7492
7494
7499
7504
7505
7508
7509
7510
7512
7513
7514
7515
7516
7518
7522
7530
7532
7533
7538
7542
7547
7560
7563
7565
7567
7569
7570
7572
7573
7577
7578
7579
7588
7596
7600
7603
7604
7605
7606
7610
7611
7613
7616
7621
7622
7624
7625
7626
7627
7628
7629
7638
7644
7645
7647
7648
7651
7653
7659
7661
7662
7663
7668
7669
7674
7675
7676
7686
7687
7690
7692
7693
7699
7705
7706
7707
7708
7714
7716
7719
7720
7724
7725
7726
7731
7737
7738
7741
7742
7744
7745
7748
7750
7754
7755
7756
7759
7762
7765
7768
7777
7779
7781
7783
7785
7792
7793
7795
7801
7804
7805
7806
7807
7809
7813
7814
7816
7818
7821
7823
7826
7829
7830
7832
7834
7842
7844
7845
7851
7852
7854
7855
7860
7861
7862
7869
7871
7873
7875
7876
7879
7880
7884
7893
7894
7902
7907
7908
7915
7917
7919
7921
7926
7928
7935
7937
7938
7941
7947
7952
7953
7960
7962
7964
7965
7967
7973
7976
7978
7980
7983
7985
7988
7990
7992
7993
7997
7999
8000
8001
8011
8016
8021
8027
8035
8038
8039
8040
8051
8055
8057
8060
8062
8066
8070
8072
8073
8080
8084
8089
8099
8103
8108
8109
8116
8122
8126
8130
8143
8144
8148
8149
8150
8154
8155
8163
8164
8168
8172
8175
8176
8177
8178
8183
8185
8189
8190
8193
8203
8205
8206
8207
8219
8220
8226
8229
8230
8235
8236
8238
8239
8240
8241
8242
8244
8248
8257
8261
8267
8271
8273
8274
8275
8281
8282
8283
8284
8293
8295
8296
8297
8298
8308
8311
8314
8323
8324
8328
8331
8334
8335
8342
8349
8351
8352
8356
8363
8364
8365
8366
8368
8376
8378
8381
8383
8385
8387
8388
8398
8402
8408
8409
8418
8422
8427
8429
8430
8432
8435
8436
8437
8443
8445
8446
8455
8457
8458
8459
8460
8461
8465
8468
8470
8474
8476
8482
8483
8498
8508
8510
8514
8522
8523
8524
8529
8532
8541
8543
8554
8555
8556
8560
8562
8563
8566
8567
8568
8571
8572
8573
8576
8577
8580
8583
8584
8587
8588
8589
8592
8596
8600
8601
8603
8606
8611
8616
8619
8623
8626
8627
8630
8632
8633
8638
8639
8645
8647
8649
8663
8668
8669
8670
8672
8675
8681
8682
8683
8686
8687
8689
8691
8692
8694
8707
8714
8721
8725
8732
8734
8738
8742
8747
8751
8752
8755
8760
8762
8763
8767
8773
8775
8784
8785
8786
8787
8788
8789
8791
8793
8796
8804
8809
8815
8822
8827
8829
8831
8848
8853
8855
8858
8860
8861
8862
8866
8868
8871
8873
8874
8877
8878
8880
8883
8885
8886
8887
8892
8894
8897
8902
8907
8911
8912
8918
8923
8924
8934
8936
8944
8949
8952
8953
8954
8956
8960
8968
8971
8978
8982
8983
8986
8988
8993
8996
8999
9003
9005
9007
9010
9012
9016
9017
9019
9024
9032
9033
9036
9037
9043
9051
9057
9064
9066
9067
9068
9069
9072
9074
9075
9078
9083
9089
9091
9092
9093
9096
9102
9104
9106
9107
9112
9113
9115
9125
9130
9133
9138
9139
9141
9147
9150
9152
9154
9155
9160
9161
9162
9164
9172
9180
9190
9193
9194
9197
9199
9202
9205
9206
9210
9213
9214
9220
9222
9225
9228
9229
9230
9235
9236
9241
9242
9243
9248
9249
9250
9253
9255
9258
9260
9262
9264
9265
9266
9268
9270
9274
9276
9278
9279
9280
9282
9283
9285
9286
9289
9294
9295
9296
9297
9299
9300
9301
9303
9304
9306
9307
9308
9310
9317
9326
9331
9334
9335
9344
9347
9349
9355
9356
9358
9360
9361
9364
9368
9370
9379
9387
9389
9399
9402
9404
9406
9407
9410
9413
9415
9417
9423
9430
9439
9440
9442
9443
9444
9447
9449
9450
9452
9455
9456
9458
9459
9463
9465
9466
9468
9470
9476
9479
9481
9485
9486
9490
9494
9496
9504
9506
9525
9528
9537
9539
9540
9544
9545
9546
9547
9552
9554
9556
9561
9566
9569
9573
9575
9576
9587
9588
9589
9594
9602
9603
9605
9606
9608
9614
9615
9616
9618
9620
9621
9623
9625
9627
9631
9636
9637
9646
9648
9650
9651
9658
9660
9665
9670
9672
9676
9678
9684
9691
9692
9693
9694
9696
9699
9705
9706
9708
9711
9716
9719
9726
9727
9728
9731
9737
9748
9750
9752
9753
9755
9766
9767
9768
9769
9770
9776
9786
9787
9788
9789
9791
9792
9795
9797
9801
9803
9805
9806
9810
9812
9816
9817
9819
9822
9824
9825
9826
9833
9839
9840
9843
9845
9846
9850
9852
9856
9857
9858
9859
9862
9864
9870
9871
9875
9876
9879
9884
9892
9893
9894
9901
9903
9906
9907
9908
9911
9914
9916
9918
9920
9921
9922
9923
9925
9929
9930
9933
9941
9942
9943
9945
9949
9954
9956
9959
9961
9963
9965
9969
9970
9978
9979
9981
9982
9984
9994
9997
10001
10004
10006
10007
10008
10009
10011
10012
10013
10017
10018
10021
10028
10029
10031
10035
10036
10038
10039
10040
10043
10044
10046
10050
10055
10057
10058
10061
10067
10070
10071
10073
10074
10075
10076
10080
10083
10085
10092
10093
10094
10095
10096
10099
10101
10104
10112
10114
10117
10118
10120
10126
10134
10136
10137
10141
10143
10150
10151
10152
10156
10157
10159
10160
10162
10168
10169
10172
10175
10177
10183
10185
10188
10193
10200
10205
10206
10207
10210
10211
10212
10216
10217
10221
10227
10230
10233
10236
10237
10238
10239
10242
10247
10249
10253
10255
10263
10266
10275
10277
10278
10283
10284
10289
10290
10294
10296
10299
10305
10306
10308
10309
10311
10312
10313
10316
10321
10324
10325
10327
10331
10338
10339
10342
10344
10346
10349
10351
10353
10358
10359
10361
10367
10370
10371
10374
10375
10380
10383
10385
10388
10390
10391
10392
10394
10395
10396
10397
10398
10405
10406
10407
10409
10410
10411
10414
10415
10416
10418
10420
10423
10425
10428
10433
10434
10438
10440
10444
10445
10447
10448
10452
10454
10459
10461
10463
10465
10469
10470
10478
10479
10480
10483
10484
10485
10486
10495
10500
10501
10502
10507
10514
10516
10517
10528
10531
10532
10536
10541
10542
10545
10547
10550
10553
10556
10561
10563
10565
10567
10569
10571
10572
10573
10587
10588
10590
10591
10593
10594
10599
10600
10602
10605
10607
10608
10613
10614
10616
10625
10629
10630
10631
10633
10637
10638
10639
10640
10645
10646
10647
10653
10654
10657
10660
10661
10664
10665
10668
10669
10670
10674
10677
10680
10686
10693
10700
10705
10707
10708
10710
10711
10713
10718
10720
10722
10725
10729
10730
10732
10735
10740
10743
10745
10747
10752
10754
10759
10761
10767
10769
10770
10774
10776
10777
10787
10788
10791
10792
10793
10797
10802
10804
10807
10809
10816
10819
10823
10827
10830
10831
10832
10833
10846
10847
10851
10857
10858
10860
10864
10866
10876
10877
10878
10879
10883
10892
10893
10894
10897
10898
10899
10900
10901
10905
10908
10909
10914
10915
10916
10917
10919
10924
10925
10926
10931
10933
10934
10936
10939
10944
10945
10949
10951
10952
10953
10954
10957
10959
10962
10965
10969
10978
10979
10983
10985
10986
10987
10990
10992
10994
10998
11003
11004
11005
11006
11008
11009
11012
11013
11014
11016
11019
11025
11028
11029
11030
11033
11035
11042
11047
11050
11058
11061
11064
11066
11067
11069
11071
11072
11079
11084
11086
11088
11091
11092
11094
11097
11098
11099
11100
11102
11110
11119
11125
11127
11131
11135
11136
11138
11148
11157
11158
11163
11165
11166
11168
11171
11172
11176
11180
11181
11183
11184
11185
11195
11197
11198
11207
11217
11219
11225
11228
11231
11232
11240
11241
11248
11249
11251
11253
11264
11267
11270
11273
11274
11278
11280
11281
11283
11287
11291
11293
11295
11297
11301
11302
11303
11305
11306
11309
11311
11312
11319
11322
11326
11327
11329
11330
11331
11332
11334
11337
11338
11340
11344
11345
11346
11349
11351
11359
11363
11366
11375
11383
11392
11395
11396
11397
11402
11403
11417
11419
11423
11425
11428
11429
11430
11432
11435
11449
11453
11455
11457
11459
11467
11468
11470
11473
11474
11476
11478
11483
11484
11488
11493
11500
11504
11505
11507
11514
11516
11520
11525
11526
11529
11531
11539
11542
11544
11549
11553
11554
11563
11566
11567
11568
11570
11571
11574
11580
11583
11585
11590
11591
11597
11600
11609
11610
11612
11613
11615
11618
11624
11625
11637
11638
11642
11643
11645
11649
11650
11651
11653
11656
11658
11659
11660
11663
11666
11670
11673
11684
11685
11687
11692
11693
11696
11699
11702
11705
11706
11708
11712
11714
11726
11727
11729
11737
11739
11745
11750
11752
11756
11760
11761
11763
11767
11768
11774
11776
11779
11781
11784
11786
11789
11790
11791
11793
11797
11798
11801
11803
11806
11810
11811
11815
11819
11821
11823
11825
11828
11831
11840
11843
11844
11845
11847
11848
11849
11853
11856
11857
11858
11860
11861
11864
11866
11868
11873
11885
11887
11889
11891
11893
11894
11896
11897
11902
11903
11906
11907
11908
11910
11913
11915
11920
11921
11922
11925
11927
11930
11938
11940
11942
11951
11954
11955
11956
11960
11964
11965
11971
11973
11974
11975
11977
11978
11983
11986
11997
12000
12006
12009
12011
12012
12013
12014
12015
12021
12023
12024
12026
12030
12031
12034
12035
12036
12037
12041
12042
12044
12048
12049
12052
12054
12056
12058
12063
12068
12071
12080
12086
12087
12091
12096
12099
12100
12101
12102
12104
12107
12111
12116
12119
12120
12121
12130
12132
12136
12138
12144
12149
12151
12155
12158
12165
12172
12173
12174
12175
12182
12184
12186
12192
12194
12200
12203
12206
12207
12210
12212
12213
12214
12215
12216
12217
12218
12219
12220
12221
12224
12225
12226
12227
12229
12231
12239
12245
12250
12252
12253
12256
12258
12259
12260
12264
12265
12267
12272
12274
12276
12278
12280
12282
12283
12284
12287
12288
12290
12291
12293
12296
12298
12305
12306
12312
12318
12319
12320
12323
12324
12325
12326
12328
12331
12333
12334
12336
12338
12339
12340
12347
12349
12352
12356
12360
12361
12362
12366
12368
12371
12373
12374
12376
12380
12383
12389
12392
12395
12396
12403
12407
12410
12411
12416
12417
12420
12422
12427
12432
12434
12436
12438
12439
12440
12441
12448
12450
12452
12453
12455
12456
12460
12469
12472
12475
12476
12479
12483
12485
12487
12488
12490
12493
12499
12500
12502
12503
12505
12508
12511
12512
12513
12514
12519
12524
12527
12528
12532
12540
12541
12543
12545
12546
12547
12550
12554
12556
12558
12566
12567
12570
12571
12578
12579
12581
12583
12587
12590
12591
12592
12602
12603
12613
12618
12623
12625
12627
12629
12632
12643
12644
12656
12663
12675
12677
12680
12681
12684
12687
12689
12693
12694
12695
12699
12708
12709
12710
12713
12716
12719
12722
12723
12725
12727
12729
12731
12736
12739
12740
12741
12742
12743
12745
12751
12752
12755
12757
12764
12766
12775
12777
12784
12785
12788
12789
12791
12794
12795
12798
12809
12810
12816
12817
12818
12819
12821
12822
12824
12825
12829
12834
12835
12838
12839
12844
12848
12855
12856
12858
12861
12866
12871
12873
12877
12880
12889
12891
12896
12902
12906
12909
12910
12913
12914
12917
12920
12922
12925
12928
12929
12932
12937
12938
12941
12943
12944
12945
12948
12950
12952
12955
12962
12968
12969
12971
12977
12978
12979
12980
12982
12984
12987
12991
12993
12997
13005
13006
13007
13010
13017
13020
13022
13023
13026
13028
13029
13030
13033
13041
13042
13044
13050
13051
13054
13055
13067
13070
13074
13076
13078
13081
13083
13088
13091
13094
13095
13096
13103
13106
13109
13111
13113
13122
13124
13126
13129
13136
13138
13139
13142
13144
13147
13150
13155
13159
13162
13166
13175
13176
13180
13188
13192
13201
13202
13204
13205
13207
13209
13212
13216
13217
13218
13220
13222
13224
13228
13236
13243
13249
13252
13253
13258
13264
13266
13269
13280
13282
13291
13293
13295
13297
13303
13304
13306
13308
13310
13311
13314
13320
13321
13323
13338
13340
13341
13344
13347
13348
13349
13352
13353
13355
13356
13358
13359
13362
13366
13369
13371
13372
13373
13377
13378
13381
13383
13388
13390
13392
13394
13395
13397
13400
13402
13404
13406
13417
13419
13426
13428
13429
13430
13433
13436
13438
13440
13441
13445
13446
13450
13452
13455
13458
13459
13461
13462
13463
13464
13468
13469
13476
13481
13487
13488
13492
13494
13496
13497
13498
13502
13504
13506
13508
13516
13517
13518
13519
13520
13522
13523
13524
13525
13533
13539
13541
13546
13550
13552
13554
13555
13557
13559
13561
13565
13571
13572
13574
13580
13581
13583
13593
13596
13597
13599
13604
13611
13624
13626
13630
13633
13642
13644
13650
13651
13656
13657
13658
13664
13667
13672
13676
13680
13681
13683
13684
13687
13692
13693
13696
13698
13700
13701
13704
13706
13710
13715
13716
13718
13720
13722
13723
13724
13727
13733
13735
13741
13747
13750
13751
13756
13757
13758
13760
13761
13762
13769
13770
13773
13775
13777
13778
13781
13786
13787
13788
13789
13796
13797
13798
13800
13808
13811
13813
13815
13824
13831
13834
13836
13838
13840
13841
13843
13844
13846
13848
13849
13851
13853
13865
13867
13868
13870
13872
13873
13874
13879
13881
13882
13883
13887
13889
13894
13895
13897
13905
13910
13913
13914
13915
13917
13918
13920
13921
13922
13924
13926
13931
13932
13933
13937
13939
13946
13949
13953
13955
13960
13964
13966
13969
13970
13971
13980
13985
13986
13990
13993
13995
14002
14003
14004
14006
14013
14014
14015
14019
14020
14030
14033
14035
14036
14037
14039
14042
14049
14051
14055
14058
14060
14065
14066
14068
14073
14078
14085
14087
14089
14090
14097
14100
14102
14104
14105
14109
14114
14115
14116
14120
14121
14123
14131
14132
14133
14139
14140
14141
14144
14146
14150
14157
14160
14163
14164
14166
14170
14178
14179
14184
14185
14186
14187
14189
14193
14198
14201
14204
14205
14206
14207
14210
14211
14213
14216
14218
14219
14236
14238
14241
14244
14247
14249
14250
14252
14253
14255
14256
14259
14263
14265
14267
14270
14271
14273
14276
14282
14285
14288
14290
14291
14292
14295
14296
14298
14299
14301
14310
14312
14313
14314
14321
14323
14329
14331
14333
14334
14336
14337
14338
14342
14344
14345
14348
14349
14350
14353
14360
14361
14364
14365
14374
14379
14381
14388
14389
14390
14393
14396
14398
14399
14404
14405
14410
14413
14414
14415
14417
14419
14420
14424
14426
14428
14430
14432
14436
14441
14445
14450
14452
14453
14455
14457
14458
14460
14461
14462
14463
14465
14467
14469
14470
14471
14472
14475
14477
14478
14480
14482
14483
14484
14487
14490
14492
14497
14498
14500
14501
14502
14504
14505
14509
14511
14512
14513
14514
14517
14518
14519
14525
14528
14529
14530
14532
14535
14537
14539
14540
14546
14547
14548
14549
14550
14552
14554
14556
14562
14564
14570
14573
14575
14577
14583
14584
14586
14587
14593
14598
14601
14603
14604
14606
14608
14610
14611
14616
14618
14621
14624
14625
14626
14629
14632
14633
14635
14639
14646
14647
14650
14652
14654
14655
14656
14665
14666
14667
14672
14676
14677
14678
14681
14684
14686
14692
14695
14701
14709
14710
14711
14712
14713
14716
14723
14727
14728
14730
14731
14735
14738
14739
14743
14745
14748
14752
14753
14759
14762
14765
14768
14770
14775
14776
14777
14780
14782
14785
14787
14790
14792
14793
14794
14800
14801
14803
14805
14815
14816
14819
14820
14823
14826
14830
14834
14846
14848
14849
14852
14856
14858
14862
14876
14879
14883
14885
14888
14890
14893
14895
14896
14899
14906
14911
14913
14915
14918
14921
14922
14923
14924
14926
14927
14938
14942
14944
14945
14951
14954
14956
14964
14966
14967
14969
14970
14973
14975
14982
14983
14986
14990
14991
14994
14996
15001
15002
15003
15004
15006
15007
15009
15013
15014
15016
15019
15023
15027
15030
15039
15046
15047
15048
15050
15051
15053
15063
15065
15075
15079
15087
15096
15100
15103
15106
15109
15111
15114
15116
15118
15119
15127
15137
15138
15141
15143
15144
15145
15148
15149
15153
15156
15160
15161
15169
15170
15173
15174
15175
15179
15181
15183
15187
15191
15192
15200
15201
15203
15207
15209
15214
15216
15217
15218
15222
15224
15228
15233
15236
15238
15242
15245
15250
15261
15262
15264
15266
15267
15269
15272
15275
15276
15277
15278
15282
15293
15299
15302
15307
15314
15317
15318
15319
15332
15333
15334
15335
15336
15339
15340
15341
15342
15343
15344
15345
15350
15354
15355
15356
15357
15358
15360
15362
15363
15364
15365
15367
15375
15376
15378
15381
15383
15385
15387
15391
15406
15410
15416
15417
15418
15419
15420
15424
15425
15426
15430
15439
15446
15447
15448
15449
15450
15453
15455
15456
15458
15463
15464
15466
15470
15472
15473
15478
15481
15491
15492
15495
15497
15500
15501
15506
15514
15516
15517
15519
15521
15523
15524
15526
15530
15535
15537
15538
15540
15544
15550
15552
15556
15558
15559
15560
15563
15565
15570
15574
15575
15578
15582
15585
15586
15588
15589
15590
15591
15593
15600
15602
15609
15610
15612
15613
15616
15620
15623
15625
15627
15628
15629
15631
15633
15634
15635
15640
15641
15643
15648
15649
15650
15662
15665
15669
15682
15687
15689
15690
15692
15694
15696
15707
15727
15731
15733
15736
15737
15738
15739
15740
15744
15750
15752
15756
15757
15760
15761
15762
15764
15769
15770
15773
15774
15780
15781
15786
15790
15795
15796
15798
15800
15802
15803
15804
15807
15811
15813
15815
15816
15818
15820
15822
15823
15824
15825
15829
15831
15836
15839
15844
15845
15847
15849
15851
15856
15858
15859
15862
15864
15868
15872
15875
15878
15884
15887
15889
15892
15894
15895
15898
15899
15906
15908
15911
15917
15918
15919
15922
15930
15932
15942
15943
15944
15945
15948
15950
15951
15955
15956
15959
15963
15965
15967
15968
15970
15973
15974
15977
15979
15982
15984
15986
15987
15989
15990
15995
15997
15998
16001
16002
16003
16005
16006
16008
16010
16011
16012
16013
16015
16017
16019
16031
16032
16036
16040
16041
16042
16044
16045
16048
16053
16054
16055
16062
16066
16068
16073
16076
16081
16082
16084
16092
16094
16095
16097
16098
16101
16103
16105
16107
16109
16110
16113
16116
16123
16124
16125
16126
16128
16130
16134
16135
16141
16143
16144
16146
16150
16151
16158
16162
16166
16170
16172
16173
16174
16178
16181
16184
16189
16192
16194
16200
16205
16208
16209
16212
16214
16216
16219
16223
16228
16230
16235
16239
16244
16245
16246
16250
16251
16254
16255
16260
16261
16268
16269
16273
16274
16278
16280
16286
16288
16290
16292
16296
16300
16304
16305
16306
16307
16308
16310
16312
16313
16319
16321
16322
16323
16330
16331
16332
16335
16343
16345
16346
16349
16356
16361
16363
16364
16374
16376
16380
16383
16384
16389
16397
16399
16403
16409
16412
16414
16417
16419
16424
16425
16428
16429
16430
16436
16438
16439
16445
16452
16455
16456
16460
16463
16467
16472
16475
16482
16485
16489
16499
16501
16503
16507
16508
16513
16515
16527
16528
16530
16534
16545
16546
16562
16566
16568
16572
16578
16586
16587
16590
16591
16594
16595
16597
16600
16601
16607
16612
16616
16621
16622
16624
16625
16626
16632
16633
16635
16648
16654
16658
16659
16666
16667
16670
16673
16676
16677
16678
16682
16683
16686
16687
16690
16691
16692
16695
16696
16697
16701
16704
16705
16707
16708
16709
16710
16711
16713
16715
16718
16719
16721
16722
16723
16725
16728
16730
16731
16732
16741
16742
16743
16744
16746
16748
16759
16760
16761
16763
16764
16765
16768
16769
16772
16776
16778
16779
16780
16781
16787
16789
16791
16793
16794
16798
16801
16803
16805
16806
16807
16809
16811
16812
16814
16817
16818
16820
16824
16827
16830
16831
16832
16833
16836
16837
16839
16840
16843
16845
16852
16853
16855
16864
16865
16867
16869
16870
16874
16877
16878
16879
16885
16886
16887
16889
16892
16894
16896
16900
16901
16903
16905
16906
16907
16908
16911
16912
16913
16918
16919
16920
16921
16922
16926
16935
16936
16940
16943
16944
16945
16947
16949
16951
16952
16954
16955
16957
16959
16963
16964
16966
16967
16969
16970
16972
16978
16979
16983
16984
16989
16992
16993
16994
16995
16996
16997
17001
17007
17010
17012
17013
17015
17020
17023
17024
17029
17035
17040
17042
17043
17044
17045
17046
17054
17056
17058
17060
17062
17063
17064
17065
17068
17069
17070
17075
17077
17078
17082
17086
17089
17090
17093
17098
17099
17100
17101
17105
17117
17118
17119
17121
17124
17129
17133
17135
17136
17143
17146
17148
17154
17157
17159
17161
17162
17163
17164
17165
17173
17176
17179
17184
17186
17187
17188
17189
17191
17192
17194
17196
17197
17199
17202
17203
17206
17207
17208
17213
17217
17220
17223
17224
17225
17230
17238
17241
17243
17249
17250
17252
17258
17261
17266
17267
17270
17275
17276
17278
17279
17283
17286
17289
17290
17291
17292
17296
17300
17301
17303
17307
17308
17309
17311
17315
17319
17320
17325
17327
17329
17331
17332
17336
17341
17343
17344
17347
17348
17355
17357
17358
17368
17370
17374
17375
17379
17380
17386
17388
17392
17394
17396
17398
17399
17401
17402
17408
17413
17414
17418
17419
17422
17426
17427
17431
17432
17437
17438
17442
17446
17449
17455
17457
17458
17460
17465
17466
17467
17470
17473
17477
17483
17488
17491
17492
17497
17499
17502
17504
17508
17509
17516
17520
17524
17527
17528
17533
17537
17546
17548
17550
17552
17557
17562
17563
17565
17573
17575
17576
17579
17581
17584
17588
17589
17590
17592
17593
17594
17596
17601
17602
17604
17605
17609
17610
17611
17612
17616
17617
17619
17620
17624
17627
17637
17638
17639
17641
17642
17643
17647
17650
17654
17660
17663
17666
17671
17674
17676
17677
17682
17685
17686
17691
17693
17694
17697
17699
17707
17708
17709
17711
17715
17716
17717
17719
17722
17725
17727
17728
17729
17735
17736
17746
17748
17755
17756
17759
17760
17764
17767
17770
17773
17774
17779
17781
17782
17785
17787
17790
17793
17794
17796
17797
17800
17804
17807
17809
17812
17819
17821
17822
17825
17830
17837
17838
17845
17847
17852
17853
17856
17857
17858
17861
17862
17864
17866
17880
17881
17886
17888
17894
17897
17899
17902
17905
17907
17908
17910
17912
17915
17916
17917
17921
17925
17931
17937
17938
17941
17943
17945
17948
17949
17955
17957
17961
17965
17966
17969
17971
17972
17974
17977
17978
17983
17985
17991
17997
17999
18000
18003
18011
18014
18015
18018
18020
18022
18027
18030
18034
18037
18042
18043
18051
18052
18054
18057
18058
18060
18061
18067
18069
18076
18080
18082
18093
18095
18096
18101
18102
18109
18113
18117
18119
18121
18122
18123
18128
18131
18132
18134
18136
18138
18139
18140
18141
18145
18146
18152
18155
18156
18158
18173
18174
18176
18179
18180
18185
18186
18189
18192
18195
18196
18203
18204
18209
18210
18211
18212
18216
18218
18221
18223
18229
18231
18233
18234
18237
18239
18245
18247
18253
18255
18257
18260
18261
18262
18265
18267
18269
18280
18283
18284
18288
18289
18294
18297
18298
18302
18309
18314
18319
18320
18321
18323
18325
18327
18328
18330
18334
18335
18336
18337
18338
18339
18342
18344
18350
18356
18364
18367
18368
18370
18373
18381
18382
18385
18389
18390
18398
18402
18403
18410
18411
18412
18413
18415
18416
18417
18418
18419
18421
18422
18427
18435
18437
18440
18445
18449
18454
18457
18458
18462
18471
18473
18475
18477
18478
18479
18482
18483
18484
18486
18490
18492
18493
18494
18497
18501
18503
18504
18510
18512
18521
18524
18525
18526
18527
18529
18537
18538
18542
18543
18544
18550
18551
18558
18564
18569
18571
18572
18575
18576
18579
18583
18587
18592
18594
18596
18597
18601
18606
18607
18609
18613
18619
18620
18627
18628
18642
18645
18646
18648
18652
18653
18654
18660
18662
18671
18675
18678
18679
18681
18684
18692
18694
18695
18698
18699
18700
18707
18708
18709
18710
18712
18715
18717
18719
18726
18729
18731
18736
18744
18750
18751
18752
18754
18756
18757
18758
18760
18766
18767
18772
18773
18774
18775
18788
18789
18790
18792
18794
18799
18800
18802
18807
18808
18809
18811
18812
18816
18820
18830
18834
18835
18841
18843
18844
18845
18849
18850
18851
18852
18853
18855
18863
18864
18866
18873
18874
18875
18877
18880
18882
18883
18884
18885
18888
18891
18893
18896
18902
18903
18906
18909
18910
18912
18921
18923
18927
18928
18930
18937
18939
18943
18944
18948
18952
18955
18959
18960
18962
18963
18968
18969
18970
18971
18973
18975
18979
18981
18983
18985
18994
18998
18999
19003
19007
19008
19009
19011
19016
19018
19020
19021
19023
19026
19030
19032
19035
19036
19037
19039
19041
19042
19049
19050
19053
19055
19056
19057
19060
19063
19067
19069
19070
19071
19075
19078
19079
19081
19091
19094
19095
19099
19105
19107
19108
19110
19111
19114
19119
19120
19123
19125
19127
19129
19132
19133
19135
19136
19138
19140
19141
19144
19148
19151
19156
19157
19159
19160
19163
19167
19182
19190
19203
19209
19210
19213
19215
19217
19218
19219
19222
19225
19226
19234
19235
19236
19238
19240
19242
19244
19251
19253
19257
19259
19261
19265
19267
19268
19273
19274
19284
19285
19286
19290
19292
19293
19301
19304
19305
19306
19310
19312
19316
19317
19318
19322
19324
19327
19329
19340
19341
19348
19349
19355
19358
19360
19361
19363
19368
19369
19373
19374
19377
19380
19382
19384
19385
19387
19389
19390
19392
19394
19398
19404
19406
19410
19412
19413
19414
19416
19419
19422
19432
19433
19436
19441
19443
19444
19445
19450
19453
19459
19466
19470
19471
19473
19475
19478
19485
19486
19487
19495
19499
19503
19504
19505
19506
19507
19508
19509
19510
19515
19516
19518
19519
19521
19525
19533
19538
19539
19541
19543
19546
19553
19556
19557
19561
19563
19566
19569
19572
19574
19575
19580
19587
19591
19593
19595
19597
19599
19607
19609
19610
19611
19612
19616
19618
19622
19623
19624
19625
19626
19630
19634
19635
19639
19640
19644
19645
19647
19651
19655
19667
19668
19679
19687
19689
19693
19694
19697
19700
19702
19707
19713
19716
19718
19727
19728
19731
19732
19739
19740
19743
19746
19749
19750
19756
19758
19760
19762
19764
19768
19769
19771
19781
19783
19787
19795
19801
19803
19806
19810
19812
19813
19818
19819
19822
19825
19828
19832
19834
19839
19842
19844
19846
19847
19848
19849
19851
19855
19857
19858
19865
19869
19870
19877
19883
19885
19886
19889
19890
19896
19897
19905
19906
19909
19910
19914
19915
19917
19919
19924
19927
19931
19932
19934
19936
19937
19939
19940
19942
19943
19947
19948
19950
19958
19961
19967
19968
19970
19971
19972
19973
19974
19975
19976
19981
19982
19991
19992
19998
20001
20002
20004
20006
20009
20016
20017
20020
20021
20023
20024
20027
20029
20034
20035
20040
20041
20045
20046
20048
20049
20050
20052
20055
20062
20063
20069
20071
20076
20077
20079
20081
20082
20084
20085
20086
20093
20100
20103
20105
20111
20113
20114
20117
20118
20119
20124
20125
20127
20133
20134
20143
20147
20148
20149
20155
20156
20158
20161
20166
20172
20173
20176
20185
20189
20191
20195
20198
20201
20202
20203
20205
20210
20228
20229
20231
20236
20237
20240
20245
20254
20255
20256
20259
20262
20266
20267
20268
20270
20278
20281
20282
20285
20288
20294
20297
20302
20306
20309
20310
20317
20323
20324
20326
20327
20329
20334
20336
20337
20338
20340
20341
20348
20349
20353
20358
20359
20360
20366
20369
20370
20373
20376
20382
20386
20388
20393
20396
20399
20405
20406
20407
20410
20411
20413
20417
20421
20423
20425
20426
20429
20430
20431
20435
20437
20439
20440
20441
20442
20447
20448
20452
20455
20464
20468
20469
20471
20479
20480
20485
20488
20489
20491
20496
20500
20502
20505
20506
20507
20508
20511
20514
20515
20517
20518
20519
20520
20521
20523
20528
20529
20531
20533
20535
20536
20538
20541
20546
20549
20552
20560
20564
20565
20566
20570
20571
20578
20579
20588
20592
20595
20597
20599
20606
20608
20610
20617
20619
20622
20625
20630
20631
20632
20636
20638
20639
20642
20644
20645
20646
20647
20654
20657
20658
20678
20679
20687
20689
20693
20695
20698
20701
20703
20706
20711
20712
20719
20720
20723
20724
20736
20742
20743
20747
20750
20751
20753
20756
20757
20759
20760
20762
20763
20766
20768
20771
20775
20776
20781
20784
20785
20786
20790
20799
20800
20801
20802
20803
20805
20808
20810
20813
20814
20815
20820
20821
20822
20831
20838
20839
20840
20844
20845
20846
20853
20854
20855
20856
20858
20859
20860
20862
20865
20866
20869
20871
20872
20873
20878
20879
20880
20881
20882
20891
20894
20895
20897
20901
20902
20903
20907
20909
20911
20913
20915
20916
20918
20921
20923
20926
20927
20930
20931
20934
20937
20943
20944
20946
20947
20948
20950
20951
20952
20953
20954
20958
20969
20971
20973
20975
20979
20980
20982
20983
20984
20992
20993
20994
20995
20997
20998
21000
21006
21007
21015
21018
21022
21024
21026
21032
21036
21038
21043
21054
21062
21063
21069
21074
21077
21080
21098
21100
21110
21111
21112
21113
21118
21119
21121
21122
21124
21130
21135
21140
21146
21152
21153
21156
21159
21161
21164
21168
21170
21172
21174
21175
21176
21177
21181
21182
21183
21184
21185
21186
21190
21196
21210
21211
21212
21221
21226
21228
21229
21234
21235
21237
21242
21245
21247
21248
21250
21255
21258
21259
21266
21267
21268
21269
21281
21282
21283
21284
21286
21288
21289
21290
21291
21292
21293
21296
21301
21304
21305
21309
21310
21312
21314
21315
21316
21318
21321
21325
21326
21328
21333
21334
21335
21336
21339
21340
21344
21345
21348
21357
21359
21364
21366
21370
21372
21374
21376
21379
21380
21385
21387
21398
21400
21401
21402
21409
21410
21411
21412
21415
21417
21420
21421
21423
21431
21433
21441
21442
21443
21444
21446
21447
21448
21452
21462
21464
21470
21472
21474
21476
21479
21480
21485
21486
21487
21489
21492
21493
21497
21498
21500
21501
21503
21505
21506
21508
21512
21519
21522
21523
21525
21527
21529
21538
21541
21550
21552
21554
21555
21556
21558
21560
21561
21562
21568
21569
21579
21580
21583
21592
21593
21600
21601
21602
21603
21608
21614
21618
21620
21621
21623
21625
21627
21628
21630
21631
21632
21639
21640
21642
21644
21645
21649
21651
21655
21657
21658
21664
21667
21668
21670
21674
21678
21679
21680
21681
21689
21691
21692
21695
21699
21700
21701
21707
21709
21712
21718
21723
21726
21727
21732
21734
21735
21736
21740
21743
21744
21746
21747
21749
21752
21753
21756
21757
21770
21774
21778
21781
21785
21787
21788
21805
21806
21809
21815
21827
21829
21833
21834
21844
21849
21852
21855
21856
21862
21864
21867
21868
21871
21873
21880
21884
21885
21887
21888
21893
21894
21898
21904
21906
21907
21908
21910
21911
21912
21916
21918
21919
21927
21931
21932
21933
21941
21943
21944
21946
21949
21952
21954
21957
21966
21972
21973
21976
21977
21982
21986
21999
22000
22002
22005
22008
22011
22013
22014
22017
22022
22033
22037
22038
22040
22042
22043
22046
22047
22049
22050
22053
22060
22062
22064
22065
22066
22067
22082
22083
22084
22090
22091
22094
22097
22101
22103
22106
22109
22111
22112
22113
22117
22122
22125
22130
22131
22133
22135
22139
22140
22150
22153
22156
22163
22164
22165
22169
22171
22175
22180
22182
22183
22190
22198
22199
22200
22202
22205
22206
22207
22212
22213
22218
22221
22222
22224
22228
22229
22232
22234
22235
22236
22237
22238
22239
22242
22244
22245
22246
22249
22253
22254
22255
22258
22259
22262
22263
22267
22268
22270
22273
22274
22277
22278
22280
22285
22290
22299
22302
22305
22307
22310
22312
22318
22323
22327
22329
22331
22336
22337
22343
22344
22345
22347
22349
22350
22353
22355
22357
22358
22361
22363
22368
22369
22377
22381
22383
22386
22388
22390
22391
22393
22396
22397
22398
22401
22405
22406
22408
22413
22422
22427
22428
22432
22434
22437
22441
22446
22448
22449
22453
22454
22455
22456
22457
22463
22465
22467
22469
22471
22474
22477
22479
22480
22481
22482
22484
22487
22490
22493
22495
22497
22500
22504
22517
22519
22524
22526
22530
22534
22541
22546
22548
22551
22554
22555
22557
22562
22563
22573
22574
22579
22580
22584
22594
22600
22601
22602
22603
22605
22607
22610
22611
22612
22614
22621
22625
22630
22634
22637
22646
22647
22653
22655
22657
22660
22661
22665
22666
22668
22669
22671
22673
22675
22677
22680
22681
22683
22686
22687
22690
22697
22699
22703
22708
22711
22714
22715
22716
22718
22721
22724
22725
22729
22731
22733
22734
22735
22738
22739
22744
22745
22746
22748
22749
22750
22751
22755
22756
22757
22761
22762
22767
22769
22770
22772
22773
22774
22775
22780
22789
22792
22796
22798
22801
22806
22807
22808
22809
22811
22812
22819
22821
22823
22824
22825
22832
22833
22834
22842
22843
22854
22855
22864
22867
22868
22872
22874
22876
22881
22882
22883
22885
22886
22892
22893
22894
22896
22899
22907
22912
22916
22921
22927
22929
22933
22937
22938
22939
22940
22944
22945
22946
22947
22948
22950
22951
22958
22960
22961
22963
22964
22966
22968
22976
22987
22990
22992
22996
22998
22999
23000
23001
23008
23009
23011
23012
23014
23015
23017
23021
23022
23035
23038
23043
23047
23048
23049
23050
23057
23060
23063
23067
23069
23071
23077
23079
23081
23083
23084
23086
23088
23093
23094
23095
23096
23097
23099
23100
23103
23107
23113
23118
23120
23122
23123
23127
23129
23135
23136
23139
23146
23150
23153
23155
23160
23161
23162
23163
23164
23167
23170
23171
23178
23181
23183
23186
23192
23194
23195
23197
23199
23201
23206
23216
23218
23221
23225
23229
23231
23236
23241
23243
23244
23247
23249
23252
23256
23262
23263
23267
23268
23269
23270
23274
23275
23277
23279
23281
23282
23283
23288
23289
23291
23301
23305
23309
23312
23313
23316
23325
23327
23331
23332
23335
23336
23340
23344
23345
23346
23348
23349
23356
23359
23362
23367
23369
23370
23371
23374
23379
23385
23387
23390
23393
23395
23401
23402
23403
23404
23405
23408
23410
23413
23417
23420
23427
23432
23433
23435
23437
23439
23444
23445
23449
23450
23451
23453
23461
23463
23464
23471
23472
23473
23475
23483
23485
23486
23488
23489
23492
23496
23497
23501
23504
23513
23515
23519
23521
23523
23525
23527
23532
23534
23539
23544
23546
23550
23553
23555
23556
23557
23561
23562
23566
23570
23573
23576
23579
23581
23582
23584
23585
23591
23592
23596
23597
23598
23600
23601
23604
23607
23608
23610
23614
23615
23619
23624
23631
23633
23639
23643
23644
23647
23654
23656
23658
23659
23663
23671
23672
23673
23685
23687
23689
23690
23699
23701
23703
23706
23708
23714
23715
23717
23721
23726
23727
23731
23733
23734
23740
23752
23756
23760
23764
23768
23769
23774
23776
23779
23784
23785
23788
23790
23791
23801
23805
23806
23807
23811
23812
23813
23814
23817
23823
23824
23825
23827
23831
23835
23838
23840
23843
23847
23850
23855
23856
23857
23865
23867
23868
23870
23876
23881
23882
23883
23885
23888
23890
23891
23892
23894
23902
23910
23913
23914
23917
23919
23925
23926
23931
23932
23938
23943
23945
23947
23949
23957
23959
23972
23973
23974
23976
23977
23978
23990
23993
23995
23996
23997
23999
24003
24005
24006
24007
24010
24011
24013
24014
24015
24019
24021
24023
24028
24033
24035
24040
24046
24047
24048
24053
24054
24058
24061
24064
24067
24073
24075
24076
24079
24082
24087
24089
24104
24107
24111
24113
24116
24117
24121
24124
24131
24133
24141
24144
24150
24152
24158
24160
24164
24166
24167
24168
24169
24173
24174
24176
24181
24183
24184
24185
24186
24191
24192
24193
24195
24196
24200
24201
24202
24204
24206
24208
24210
24216
24218
24227
24228
24229
24230
24231
24234
24236
24238
24239
24240
24241
24250
24253
24255
24256
24262
24267
24268
24269
24272
24273
24274
24275
24277
24278
24279
24288
24293
24296
24297
24303
24304
24306
24308
24309
24313
24316
24318
24319
24320
24321
24326
24328
24329
24335
24343
24344
24345
24351
24354
24356
24357
24359
24362
24363
24364
24368
24373
24375
24377
24380
24383
24385
24388
24389
24394
24395
24409
24411
24412
24417
24418
24419
24422
24423
24425
24427
24428
24429
24432
24434
24436
24440
24442
24444
24447
24448
24450
24453
24454
24458
24460
24462
24464
24465
24469
24472
24475
24486
24489
24490
24491
24494
24495
24496
24500
24502
24505
24510
24513
24514
24515
24517
24519
24521
24522
24526
24527
24528
24529
24530
24535
24537
24540
24546
24552
24557
24562
24566
24567
24569
24579
24585
24591
24595
24596
24598
24602
24605
24608
24609
24611
24614
24617
24618
24623
24624
24628
24630
24631
24632
24633
24644
24645
24648
24649
24652
24654
24656
24664
24665
24666
24680
24686
24687
24688
24691
24692
24693
24696
24697
24698
24699
24701
24702
24703
24707
24708
24709
24710
24713
24714
24715
24716
24717
24718
24724
24726
24727
24728
24730
24733
24735
24737
24738
24740
24741
24746
24748
24749
24753
24754
24767
24769
24770
24772
24780
24783
24789
24798
24803
24804
24805
24820
24821
24824
24826
24830
24831
24835
24837
24840
24842
24848
24849
24853
24856
24860
24861
24868
24873
24874
24880
24884
24885
24888
24890
24892
24895
24900
24903
24904
24905
24907
24912
24915
24918
24920
24926
24933
24936
24937
24939
24944
24946
24951
24955
24960
24964
24968
24969
24971
24975
24981
24983
24986
24988
24990
25006
25007
25009
25010
25016
25018
25020
25022
25023
25026
25030
25033
25040
25041
25047
25049
25055
25059
25062
25064
25065
25067
25072
25079
25081
25083
25088
25090
25092
25097
25098
25099
25111
25116
25119
25120
25122
25130
25140
25147
25149
25150
25151
25152
25153
25155
25158
25160
25164
25170
25172
25174
25175
25176
25178
25180
25184
25185
25186
25192
25196
25197
25198
25201
25203
25204
25211
25221
25223
25232
25235
25237
25238
25242
25245
25254
25255
25256
25259
25262
25264
25267
25273
25275
25276
25281
25282
25284
25288
25289
25293
25294
25302
25306
25307
25308
25309
25310
25311
25318
25319
25320
25323
25328
25329
25335
25337
25339
25340
25343
25345
25348
25354
25355
25361
25365
25368
25372
25375
25378
25382
25385
25388
25389
25390
25391
25395
25399
25400
25401
25404
25408
25409
25410
25411
25412
25413
25419
25421
25422
25423
25425
25426
25428
25435
25439
25441
25442
25443
25444
25445
25446
25448
25452
25453
25455
25456
25460
25467
25470
25477
25478
25479
25480
25481
25486
25487
25489
25490
25493
25494
25498
25499
25501
25503
25505
25508
25509
25513
25515
25518
25520
25522
25525
25528
25534
25535
25539
25544
25547
25549
25550
25553
25555
25561
25562
25564
25566
25567
25568
25572
25573
25576
25577
25579
25583
25587
25589
25590
25595
25603
25610
25611
25618
25620
25626
25627
25629
25632
25637
25638
25645
25646
25647
25649
25650
25651
25656
25657
25659
25663
25667
25673
25675
25684
25685
25688
25693
25696
25699
25706
25707
25708
25710
25711
25714
25715
25717
25720
25723
25726
25727
25736
25739
25740
25741
25745
25753
25754
25757
25762
25768
25771
25776
25785
25792
25793
25795
25796
25799
25808
25812
25816
25817
25818
25834
25835
25836
25851
25852
25854
25856
25861
25869
25870
25872
25874
25879
25880
25882
25883
25886
25890
25891
25897
25898
25900
25907
25912
25914
25916
25922
25924
25926
25927
25931
25932
25933
25936
25939
25942
25949
25951
25955
25956
25957
25960
25963
25964
25966
25971
25974
25975
25976
25981
25985
25987
25990
25991
25995
26006
26009
26017
26019
26021
26025
26027
26028
26034
26036
26039
26042
26049
26059
26062
26066
26070
26074
26075
26077
26078
26080
26083
26087
26089
26092
26094
26095
26096
26099
26102
26104
26107
26110
26111
26112
26115
26118
26123
26125
26128
26129
26130
26134
26136
26137
26138
26140
26141
26146
26149
26150
26152
26156
26158
26161
26162
26166
26172
26175
26176
26181
26191
26193
26197
26199
26201
26203
26205
26208
26213
26216
26218
26221
26230
26232
26236
26240
26242
26243
26244
26248
26254
26256
26258
26261
26262
26263
26264
26267
26268
26274
26277
26279
26283
26288
26289
26291
26292
26293
26294
26297
26300
26303
26304
26306
26307
26308
26316
26318
26320
26324
26325
26327
26329
26332
26338
26341
26349
26350
26351
26354
26360
26364
26368
26369
26373
26385
26388
26392
26395
26399
26400
26413
26415
26417
26423
26424
26428
26431
26435
26439
26440
26450
26456
26462
26463
26464
26465
26468
26470
26473
26475
26476
26478
26479
26482
26483
26485
26488
26492
26493
26500
26503
26510
26517
26521
26522
26524
26529
26534
26538
26539
26540
26542
26545
26546
26547
26548
26550
26551
26557
26558
26560
26564
26571
26574
26575
26578
26579
26581
26582
26583
26589
26593
26594
26596
26598
26599
26601
26617
26618
26621
26622
26623
26629
26632
26640
26642
26643
26645
26650
26651
26652
26653
26655
26660
26665
26666
26668
26669
26670
26672
26674
26677
26678
26683
26685
26687
26689
26691
26694
26697
26702
26703
26710
26712
26713
26714
26715
26718
26721
26724
26725
26734
26736
26740
26750
26751
26752
26754
26758
26764
26766
26770
26773
26777
26779
26780
26781
26783
26784
26786
26792
26793
26796
26799
26800
26802
26805
26806
26807
26811
26812
26814
26816
26817
26822
26823
26824
26826
26827
26831
26832
26839
26840
26845
26847
26850
26857
26860
26861
26862
26863
26867
26874
26879
26890
26894
26901
26907
26913
26915
26916
26918
26924
26929
26931
26932
26935
26942
26943
26948
26951
26952
26953
26955
26957
26959
26961
26963
26965
26967
26968
26973
26974
26975
26977
26978
26982
26984
26992
26998
26999
27001
27003
27004
27006
27007
27009
27010
27012
27015
27016
27017
27021
27023
27028
27036
27042
27046
27047
27049
27052
27053
27055
27058
27060
27064
27068
27070
27073
27075
27076
27079
27080
27081
27082
27083
27085
27086
27089
27090
27091
27096
27099
27105
27106
27108
27111
27112
27113
27116
27117
27122
27125
27126
27127
27130
27134
27135
27136
27138
27139
27146
27149
27151
27153
27155
27168
27171
27172
27175
27180
27181
27185
27192
27199
27201
27208
27212
27219
27220
27221
27223
27224
27228
27231
27240
27242
27245
27246
27247
27250
27251
27255
27264
27265
27267
27269
27283
27284
27285
27286
27293
27296
27298
27299
27302
27303
27305
27307
27309
27312
27313
27315
27316
27319
27322
27325
27327
27330
27331
27333
27334
27339
27341
27344
27348
27349
27350
27355
27356
27359
27360
27361
27363
27365
27366
27370
27372
27375
27378
27383
27385
27388
27389
27392
27395
27396
27397
27403
27409
27411
27412
27416
27417
27419
27420
27421
27424
27425
27434
27440
27441
27442
27449
27450
27457
27467
27476
27478
27480
27483
27488
27490
27491
27494
27495
27498
27499
27500
27502
27506
27508
27513
27514
27518
27520
27521
27525
27529
27530
27533
27537
27538
27539
27540
27542
27545
27550
27551
27553
27558
27562
27565
27567
27568
27569
27575
27576
27577
27585
27592
27599
27603
27604
27610
27611
27613
27615
27616
27618
27623
27625
27628
27631
27632
27635
27636
27638
27640
27641
27646
27653
27667
27672
27675
27677
27678
27679
27680
27685
27686
27687
27693
27695
27697
27700
27702
27705
27715
27717
27718
27726
27729
27730
27731
27734
27735
27742
27746
27749
27752
27763
27765
27772
27774
27778
27781
27782
27786
27787
27789
27792
27796
27797
27801
27803
27805
27808
27812
27817
27824
27826
27828
27834
27837
27838
27846
27848
27850
27852
27856
27859
27865
27866
27868
27869
27871
27873
27874
27875
27876
27879
27881
27882
27883
27886
27887
27889
27892
27893
27896
27898
27921
27922
27923
27928
27934
27935
27941
27942
27943
27945
27946
27947
27948
27950
27963
27965
27969
27974
27975
27976
27982
27987
27989
27990
27993
27997
27999
28001
28010
28011
28012
28015
28016
28022
28023
28024
28026
28034
28035
28037
28042
28047
28052
28062
28063
28065
28073
28076
28077
28082
28089
28090
28092
28093
28094
28097
28098
28101
28103
28105
28106
28107
28110
28122
28125
28127
28129
28132
28145
28146
28148
28149
28152
28154
28155
28157
28158
28159
28162
28163
28168
28170
28173
28177
28183
28184
28191
28195
28196
28200
28201
28202
28204
28207
28213
28217
28218
28232
28238
28240
28241
28245
28247
28248
28251
28254
28258
28261
28263
28264
28270
28273
28274
28275
28276
28277
28279
28281
28285
28286
28288
28290
28291
28292
28296
28298
28302
28304
28315
28319
28326
28329
28333
28337
28340
28342
28344
28347
28348
28349
28350
28353
28355
28358
28361
28362
28367
28372
28373
28375
28377
28379
28381
28382
28388
28390
28393
28396
28397
28398
28400
28402
28403
28409
28411
28412
28413
28415
28418
28419
28424
28432
28439
28440
28441
28442
28443
28446
28452
28455
28457
28458
28462
28464
28473
28474
28478
28480
28492
28495
28496
28497
28501
28503
28509
28513
28515
28516
28517
28519
28523
28524
28526
28529
28531
28534
28535
28536
28538
28549
28553
28556
28562
28563
28564
28566
28570
28572
28576
28577
28579
28581
28583
28584
28585
28588
28589
28593
28596
28597
28598
28599
28606
28607
28609
28610
28611
28612
28615
28616
28619
28624
28626
28627
28628
28629
28633
28635
28636
28639
28643
28652
28654
28660
28661
28666
28667
28668
28669
28671
28673
28674
28677
28678
28680
28681
28682
28690
28691
28692
28700
28701
28702
28703
28707
28708
28713
28722
28727
28733
28736
28738
28740
28741
28747
28751
28752
28758
28760
28762
28765
28766
28770
28772
28773
28775
28780
28782
28783
28784
28787
28789
28791
28793
28794
28795
28796
28800
28801
28805
28807
28808
28809
28813
28815
28820
28822
28824
28826
28831
28832
28836
28839
28840
28842
28851
28854
28856
28858
28861
28864
28866
28868
28873
28877
28878
28879
28880
28883
28886
28887
28888
28890
28895
28898
28905
28913
28914
28915
28916
28918
28919
28920
28922
28923
28926
28929
28933
28943
28945
28959
28961
28963
28969
28971
28972
28975
28979
28980
28981
28983
28992
28995
29001
29004
29005
29008
29012
29017
29020
29021
29022
29027
29029
29031
29037
29038
29041
29044
29046
29049
29050
29051
29056
29057
29061
29062
29065
29068
29069
29070
29073
29074
29077
29082
29083
29085
29086
29093
29095
29096
29098
29099
29100
29102
29106
29107
29112
29114
29121
29125
29127
29128
29130
29132
29133
29141
29145
29146
29148
29154
29155
29160
29167
29168
29170
29177
29179
29180
29187
29189
29191
29193
29195
29198
29199
29202
29207
29208
29209
29211
29212
29215
29221
29226
29228
29240
29241
29248
29249
29250
29253
29258
29260
29261
29266
29267
29269
29275
29277
29288
29290
29293
29297
29298
29299
29302
29305
29306
29307
29309
29310
29316
29323
29326
29331
29336
29337
29338
29343
29348
29349
29350
29353
29356
29359
29360
29363
29368
29369
29372
29373
29379
29380
29384
29389
29392
29394
29401
29402
29403
29404
29408
29412
29415
29416
29418
29420
29422
29424
29429
29430
29432
29433
29434
29441
29443
29445
29446
29450
29453
29454
29456
29457
29459
29462
29467
29468
29471
29472
29473
29474
29478
29481
29485
29488
29489
29493
29496
29498
29499
29501
29502
29503
29514
29515
29520
29521
29524
29528
29533
29534
29535
29539
29540
29541
29542
29549
29554
29555
29556
29559
29561
29562
29567
29569
29570
29573
29574
29575
29576
29581
29586
29587
29589
29596
29602
29606
29611
29615
29623
29624
29628
29630
29632
29634
29635
29636
29639
29640
29642
29643
29645
29647
29648
29654
29656
29657
29658
29666
29670
29676
29677
29682
29685
29691
29693
29700
29701
29704
29713
29714
29716
29717
29721
29725
29729
29734
29746
29748
29756
29757
29764
29765
29770
29771
29774
29777
29781
29785
29787
29797
29798
29801
29804
29805
29808
29809
29810
29815
29817
29819
29822
29823
29824
29826
29828
29829
29832
29836
29838
29840
29842
29845
29855
29857
29860
29866
29870
29875
29876
29879
29880
29884
29896
29897
29900
29901
29902
29912
29921
29923
29928
29929
29934
29937
29938
29939
29940
29943
29944
29945
29946
29950
29951
29952
29956
29958
29960
29962
29964
29966
29970
29973
29976
29977
29988
29990
29992
29993
29995
29997
29998
29999
