9
11
12
18
19
30
32
35
36
40
41
42
47
55
58
59
64
72
73
76
77
79
82
84
89
90
92
99
103
104
106
107
110
112
113
128
130
135
137
139
140
141
146
151
152
158
160
161
168
172
177
178
184
193
194
201
207
217
220
234
235
236
237
238
240
241
242
244
247
252
255
262
265
267
270
274
275
276
282
283
285
289
292
295
302
304
305
306
307
309
313
315
324
325
327
329
331
333
334
335
336
345
347
348
349
359
360
363
364
373
375
385
386
387
390
391
397
398
399
406
407
408
412
414
415
417
418
423
426
427
428
429
434
436
438
439
445
447
450
454
458
461
468
469
478
479
480
487
490
491
492
494
498
504
506
508
514
515
517
520
521
526
527
528
532
535
537
541
543
547
549
553
557
558
559
560
563
564
565
567
569
572
576
580
582
583
585
586
588
591
599
603
609
610
615
616
622
624
627
634
637
638
639
640
646
647
655
656
657
660
661
670
675
679
680
681
682
684
691
699
701
706
707
709
710
711
712
716
717
718
721
724
726
729
732
733
734
741
745
746
748
749
751
761
762
775
779
786
790
791
792
793
795
802
804
809
813
814
815
819
828
831
832
834
836
837
838
851
856
857
862
863
865
868
869
871
872
873
875
880
882
884
885
892
895
898
899
901
902
907
909
915
922
923
924
926
934
935
940
947
949
950
956
957
962
963
965
970
973
976
978
982
983
987
988
989
990
991
997
1000
1008
1010
1013
1018
1021
1024
1025
1026
1027
1035
1036
1045
1046
1048
1051
1052
1053
1058
1059
1061
1062
1063
1068
1070
1071
1074
1075
1080
1084
1085
1089
1092
1093
1094
1096
1097
1098
1100
1101
1102
1103
1109
1113
1118
1121
1122
1124
1125
1127
1128
1131
1133
1134
1137
1138
1141
1142
1143
1149
1156
1157
1162
1164
1168
1169
1170
1177
1178
1183
1184
1186
1187
1188
1190
1195
1199
1206
1207
1208
1212
1214
1218
1219
1222
1223
1226
1227
1229
1231
1232
1238
1245
1246
1247
1249
1251
1252
1267
1268
1270
1285
1296
1300
1301
1302
1305
1306
1308
1309
1313
1314
1315
1319
1320
1323
1329
1338
1349
1350
1356
1365
1367
1369
1370
1375
1377
1378
1382
1384
1390
1398
1407
1409
1412
1414
1420
1426
1427
1429
1433
1434
1445
1447
1450
1451
1458
1463
1464
1466
1469
1471
1478
1479
1486
1503
1510
1511
1521
1523
1526
1528
1530
1536
1537
1543
1546
1547
1548
1549
1551
1558
1560
1561
1562
1570
1572
1573
1576
1578
1579
1580
1583
1587
1593
1594
1597
1601
1602
1605
1608
1610
1611
1612
1614
1618
1620
1623
1627
1632
1633
1634
1641
1645
1651
1652
1660
1661
1664
1666
1677
1678
1682
1685
1686
1687
1688
1692
1696
1698
1699
1700
1701
1702
1703
1705
1707
1714
1715
1719
1723
1727
1733
1734
1735
1737
1744
1747
1748
1755
1756
1758
1759
1761
1767
1768
1769
1770
1771
1775
1777
1780
1781
1789
1795
1796
1797
1799
1803
1805
1807
1809
1810
1811
1812
1823
1825
1827
1828
1829
1833
1835
1837
1839
1841
1842
1846
1848
1851
1852
1854
1858
1859
1861
1865
1866
1868
1869
1870
1872
1879
1880
1882
1887
1893
1895
1896
1897
1898
1900
1901
1907
1908
1909
1911
1913
1916
1918
1919
1924
1927
1931
1933
1934
1936
1937
1945
1951
1955
1959
1960
1963
1964
1965
1967
1969
1970
1972
1975
1977
1979
1981
1982
1983
1988
1989
1992
1996
2000
2005
2006
2007
2010
2016
2021
2022
2023
2025
2027
2031
2039
2040
2042
2043
2044
2051
2053
2054
2055
2056
2057
2059
2060
2061
2063
2069
2073
2074
2079
2082
2083
2084
2086
2089
2090
2092
2093
2096
2098
2099
2105
2110
2119
2120
2124
2125
2126
2127
2131
2140
2141
2142
2143
2148
2151
2154
2155
2157
2158
2161
2166
2169
2170
2171
2172
2174
2175
2177
2183
2187
2188
2189
2190
2199
2205
2208
2211
2223
2224
2226
2230
2236
2239
2240
2248
2250
2257
2262
2263
2264
2267
2275
2276
2279
2280
2286
2292
2295
2296
2300
2308
2312
2321
2323
2325
2328
2330
2338
2339
2342
2344
2345
2347
2348
2354
2358
2362
2366
2367
2368
2372
2373
2378
2382
2385
2388
2389
2392
2394
2397
2400
2409
2413
2415
2417
2419
2426
2430
2431
2434
2436
2440
2442
2443
2447
2448
2449
2450
2451
2453
2456
2466
2467
2469
2471
2472
2476
2480
2486
2488
2494
2500
2504
2514
2515
2517
2519
2521
2523
2527
2534
2537
2541
2542
2543
2544
2545
2547
2551
2553
2555
2565
2566
2569
2571
2572
2573
2585
2588
2599
2602
2603
2607
2608
2609
2611
2613
2617
2618
2619
2621
2623
2626
2627
2628
2634
2640
2641
2644
2646
2647
2648
2653
2656
2659
2663
2665
2668
2673
2674
2676
2685
2691
2692
2693
2694
2696
2698
2699
2705
2708
2710
2712
2719
2725
2726
2727
2728
2729
2730
2740
2751
2753
2754
2757
2758
2763
2768
2771
2772
2774
2776
2779
2780
2783
2787
2789
2792
2793
2794
2796
2803
2807
2808
2813
2820
2821
2824
2826
2828
2829
2833
2839
2841
2845
2847
2850
2854
2858
2864
2867
2872
2875
2876
2877
2878
2879
2880
2883
2890
2895
2896
2899
2900
2902
2907
2915
2917
2919
2921
2925
2926
2929
2931
2936
2937
2939
2940
2943
2946
2952
2953
2955
2957
2960
2961
2966
2967
2969
2978
2980
2981
2982
2985
2986
2987
2988
2993
2994
2996
2997
2998
3001
3002
3004
3005
3008
3010
3012
3013
3016
3017
3018
3023
3025
3030
3032
3037
3041
3044
3045
3046
3047
3048
3050
3053
3056
3057
3059
3063
3064
3068
3069
3070
3071
3078
3079
3082
3086
3088
3091
3093
3094
3101
3103
3105
3107
3111
3112
3113
3115
3117
3120
3122
3123
3129
3130
3133
3140
3144
3145
3146
3148
3154
3156
3159
3160
3164
3168
3169
3171
3172
3174
3175
3176
3189
3192
3194
3200
3202
3206
3211
3217
3218
3221
3224
3225
3230
3234
3235
3236
3238
3239
3240
3242
3245
3246
3249
3250
3253
3258
3263
3266
3268
3276
3278
3280
3281
3287
3291
3293
3294
3296
3297
3305
3306
3311
3313
3314
3315
3321
3333
3335
3338
3340
3342
3343
3344
3345
3347
3355
3356
3357
3359
3363
3366
3372
3385
3387
3390
3392
3395
3397
3401
3402
3410
3411
3412
3421
3422
3424
3425
3427
3428
3431
3434
3436
3439
3442
3443
3457
3459
3464
3467
3469
3471
3474
3475
3481
3483
3486
3489
3491
3500
3507
3509
3510
3512
3518
3524
3526
3528
3529
3531
3532
3535
3537
3543
3545
3547
3549
3550
3551
3552
3555
3556
3562
3563
3565
3572
3575
3576
3579
3580
3581
3583
3587
3589
3592
3593
3596
3597
3600
3601
3602
3606
3608
3610
3612
3617
3618
3619
3629
3634
3635
3638
3643
3649
3651
3654
3662
3670
3671
3676
3678
3681
3682
3684
3686
3693
3694
3696
3701
3702
3704
3709
3711
3717
3720
3722
3725
3728
3730
3731
3733
3738
3740
3744
3746
3749
3750
3751
3755
3756
3760
3761
3764
3766
3768
3772
3779
3780
3781
3785
3790
3791
3795
3800
3802
3805
3807
3808
3814
3815
3816
3821
3822
3823
3829
3832
3833
3834
3837
3842
3853
3855
3856
3857
3863
3864
3866
3867
3871
3874
3878
3880
3885
3888
3892
3895
3899
3900
3907
3910
3911
3913
3915
3916
3921
3931
3935
3937
3942
3943
3944
3946
3947
3950
3951
3956
3961
3964
3973
3975
3976
3977
3982
3983
3985
3987
3988
3992
3994
3998
4008
4012
4014
4016
4017
4018
4022
4023
4024
4028
4030
4033
4037
4045
4047
4049
4052
4054
4061
4067
4068
4070
4073
4074
4076
4077
4079
4080
4081
4082
4083
4091
4097
4103
4106
4107
4110
4111
4113
4117
4118
4122
4130
4132
4135
4136
4137
4142
4143
4144
4146
4155
4156
4157
4158
4162
4163
4164
4166
4171
4172
4173
4174
4178
4179
4183
4188
4189
4194
4196
4198
4207
4208
4211
4216
4217
4219
4225
4230
4241
4242
4248
4251
4256
4257
4259
4273
4277
4278
4279
4283
4284
4287
4288
4293
4297
4299
4302
4306
4308
4310
4311
4316
4317
4320
4321
4323
4325
4328
4329
4335
4338
4339
4345
4355
4359
4364
4365
4368
4374
4377
4379
4380
4383
4384
4385
4386
4388
4389
4391
4393
4395
4399
4417
4418
4421
4422
4425
4432
4435
4443
4445
4446
4447
4448
4454
4455
4463
4467
4468
4469
4475
4476
4477
4478
4490
4495
4496
4498
4501
4506
4508
4510
4515
4518
4521
4522
4524
4533
4537
4539
4542
4545
4546
4548
4549
4550
4551
4558
4559
4562
4569
4570
4575
4579
4581
4583
4584
4585
4586
4590
4591
4592
4600
4602
4603
4608
4609
4610
4611
4616
4617
4618
4619
4620
4623
4625
4628
4630
4633
4634
4635
4636
4638
4640
4642
4643
4646
4649
4651
4652
4654
4659
4664
4666
4671
4673
4674
4677
4682
4683
4687
4689
4691
4693
4695
4698
4700
4702
4703
4705
4706
4709
4710
4720
4723
4725
4728
4733
4734
4739
4740
4742
4744
4746
4748
4751
4752
4755
4760
4761
4765
4769
4770
4772
4774
4777
4779
4780
4781
4782
4784
4786
4787
4790
4791
4798
4804
4806
4812
4816
4817
4821
4825
4827
4831
4833
4835
4836
4838
4839
4844
4845
4848
4854
4857
4859
4867
4873
4874
4876
4879
4882
4883
4886
4887
4891
4893
4897
4899
4905
4906
4907
4908
4912
4914
4919
4923
4926
4929
4931
4933
4935
4936
4939
4944
4945
4948
4950
4958
4965
4971
4972
4973
4983
4984
4991
4992
4993
4994
4996
4997
4998
5000
5005
5021
5022
5023
5025
5026
5027
5032
5033
5039
5045
5047
5050
5053
5057
5058
5061
5067
5068
5071
5077
5078
5084
5085
5087
5095
5097
5102
5106
5112
5114
5115
5116
5119
5120
5123
5126
5129
5138
5143
5146
5147
5150
5151
5153
5155
5157
5159
5165
5185
5186
5197
5201
5203
5204
5205
5215
5219
5224
5228
5229
5232
5234
5237
5238
5239
5248
5262
5268
5269
5270
5272
5283
5288
5289
5293
5298
5300
5302
5307
5308
5310
5314
5316
5320
5321
5323
5325
5329
5331
5335
5337
5338
5339
5342
5348
5350
5351
5353
5354
5355
5359
5360
5361
5363
5365
5366
5368
5371
5374
5383
5388
5391
5394
5396
5398
5403
5404
5407
5408
5409
5414
5417
5420
5427
5430
5431
5442
5447
5449
5453
5455
5458
5463
5468
5469
5477
5478
5479
5488
5489
5490
5493
5494
5498
5499
5502
5504
5519
5520
5521
5522
5525
5527
5528
5529
5531
5537
5538
5539
5548
5554
5557
5563
5564
5566
5568
5580
5582
5583
5584
5588
5589
5590
5592
5593
5594
5596
5606
5608
5609
5610
5612
5617
5618
5621
5628
5629
5633
5634
5638
5639
5641
5642
5645
5646
5650
5651
5653
5655
5657
5662
5663
5666
5667
5669
5670
5672
5674
5675
5678
5681
5683
5686
5688
5696
5698
5699
5704
5706
5707
5708
5709
5711
5713
5715
5717
5718
5719
5720
5722
5725
5728
5729
5732
5735
5737
5743
5747
5755
5757
5759
5763
5764
5771
5772
5773
5777
5778
5783
5785
5787
5789
5793
5797
5799
5802
5804
5808
5812
5818
5825
5837
5840
5846
5848
5852
5856
5857
5858
5861
5864
5866
5870
5876
5878
5884
5887
5890
5902
5903
5907
5909
5910
5911
5912
5922
5923
5924
5927
5928
5938
5939
5942
5949
5950
5951
5952
5953
5954
5958
5959
5960
5965
5975
5988
5989
5994
5995
6000
6001
6003
6004
6005
6006
6008
6012
6015
6017
6019
6025
6027
6029
6031
6033
6036
6039
6043
6047
6050
6052
6058
6060
6063
6066
6069
6073
6075
6078
6079
6081
6085
6087
6091
6092
6094
6097
6109
6112
6114
6116
6117
6118
6119
6123
6125
6131
6133
6136
6137
6138
6139
6141
6159
6162
6164
6166
6167
6170
6173
6176
6183
6186
6187
6188
6196
6197
6199
6200
6201
6202
6204
6205
6207
6209
6212
6213
6216
6217
6221
6226
6230
6231
6234
6237
6239
6241
6242
6243
6253
6256
6261
6264
6265
6266
6268
6269
6270
6273
6274
6275
6278
6285
6288
6290
6291
6293
6294
6296
6297
6301
6302
6306
6307
6308
6312
6317
6319
6322
6324
6326
6328
6331
6333
6334
6338
6340
6341
6346
6356
6360
6363
6364
6366
6368
6370
6371
6376
6377
6378
6380
6381
6387
6388
6389
6394
6396
6400
6402
6405
6406
6411
6412
6414
6419
6420
6423
6427
6428
6429
6434
6436
6438
6440
6443
6448
6449
6460
6462
6463
6464
6468
6475
6476
6480
6484
6485
6487
6490
6492
6495
6499
6502
6504
6506
6507
6508
6510
6513
6519
6523
6524
6525
6528
6531
6534
6535
6536
6537
6538
6539
6540
6547
6565
6566
6572
6573
6577
6581
6583
6585
6591
6594
6597
6598
6601
6607
6608
6612
6613
6615
6617
6620
6621
6624
6625
6632
6633
6635
6637
6639
6640
6642
6644
6647
6651
6654
6659
6663
6667
6670
6671
6672
6673
6676
6677
6680
6683
6684
6686
6688
6689
6692
6695
6700
6701
6708
6709
6715
6724
6731
6733
6740
6742
6751
6754
6760
6762
6768
6770
6771
6777
6782
6783
6785
6787
6794
6796
6797
6801
6804
6805
6807
6815
6818
6821
6825
6828
6830
6835
6839
6841
6842
6846
6847
6848
6851
6863
6865
6866
6867
6869
6877
6882
6884
6886
6888
6890
6892
6898
6899
6903
6906
6907
6909
6910
6912
6918
6920
6921
6922
6926
6928
6938
6941
6942
6944
6957
6958
6959
6961
6962
6964
6965
6970
6972
6974
6976
6978
6979
6982
6986
6988
6992
6993
6995
7001
7002
7005
7009
7010
7011
7014
7018
7019
7021
7024
7035
7038
7041
7042
7047
7050
7051
7053
7056
7059
7062
7063
7064
7066
7067
7071
7074
7076
7078
7079
7083
7088
7093
7095
7099
7101
7105
7108
7109
7113
7115
7119
7120
7122
7123
7125
7129
7131
7135
7136
7137
7139
7140
7143
7144
7145
7146
7149
7152
7153
7155
7158
7159
7161
7163
7167
7174
7176
7180
7182
7183
7187
7188
7190
7191
7193
7195
7196
7197
7201
7205
7206
7213
7217
7219
7221
7225
7226
7233
7243
7247
7248
7250
7253
7260
7263
7264
7268
7271
7272
7273
7274
7275
7277
7279
7284
7286
7290
7293
7296
7297
7298
7300
7305
7306
7310
7311
7314
7318
7322
7323
7324
7327
7330
7331
7332
7337
7338
7339
7340
7341
7346
7350
7351
7359
7363
7364
7367
7370
7372
7374
7379
7383
7384
7386
7387
7392
7396
7397
7400
7411
7412
7413
7414
7417
7419
7421
7423
7424
7427
7429
7431
7434
7436
7437
7440
7442
7447
7448
7451
7455
7459
7465
7471
7472
7474
7476
7478
7479
7484
7486
7488
7497
7498
7500
7506
7507
7519
7521
7523
7525
7527
7529
7531
7535
7536
7540
7543
7544
7545
7546
7549
7551
7554
7556
7558
7559
7566
7568
7571
7581
7585
7586
7591
7592
7593
7594
7595
7598
7599
7608
7614
7615
7618
7620
7635
7637
7639
7646
7649
7650
7655
7657
7658
7665
7667
7671
7680
7681
7683
7684
7688
7689
7691
7694
7700
7701
7702
7703
7711
7712
7718
7721
7730
7733
7734
7736
7740
7747
7749
7751
7757
7760
7763
7764
7767
7769
7770
7771
7774
7782
7786
7787
7789
7790
7791
7794
7797
7800
7802
7803
7808
7815
7817
7824
7825
7827
7833
7839
7841
7846
7848
7849
7853
7856
7863
7864
7866
7877
7883
7887
7888
7889
7895
7896
7898
7901
7904
7906
7909
7910
7911
7913
7916
7918
7920
7922
7924
7929
7932
7934
7936
7939
7940
7942
7946
7948
7949
7951
7954
7957
7963
7969
7970
7975
7979
7981
7982
7984
7986
7987
7996
8002
8003
8004
8006
8009
8010
8013
8015
8017
8020
8022
8025
8026
8031
8032
8033
8034
8037
8041
8042
8043
8045
8046
8049
8050
8056
8058
8059
8061
8067
8069
8074
8076
8077
8079
8086
8087
8088
8090
8091
8093
8094
8104
8106
8107
8110
8111
8112
8117
8118
8120
8121
8123
8128
8129
8136
8139
8141
8142
8146
8147
8153
8156
8157
8158
8159
8162
8165
8166
8169
8173
8179
8181
8186
8191
8192
8196
8200
8201
8202
8204
8208
8210
8211
8215
8216
8218
8221
8222
8225
8227
8231
8233
8234
8245
8246
8247
8251
8253
8255
8256
8258
8259
8265
8266
8270
8277
8285
8286
8287
8288
8294
8301
8302
8303
8306
8307
8309
8310
8313
8316
8318
8320
8322
8327
8330
8332
8337
8338
8339
8341
8343
8344
8345
8346
8353
8359
8360
8361
8367
8370
8373
8375
8382
8393
8394
8395
8397
8399
8400
8403
8405
8406
8407
8410
8411
8412
8413
8415
8417
8419
8423
8424
8428
8431
8438
8439
8444
8447
8448
8449
8450
8451
8454
8456
8463
8464
8467
8469
8473
8475
8477
8478
8479
8480
8481
8484
8486
8488
8489
8491
8492
8493
8495
8499
8500
8501
8505
8506
8507
8509
8511
8512
8517
8518
8519
8521
8525
8528
8531
8533
8534
8538
8539
8542
8545
8546
8547
8551
8553
8557
8559
8561
8569
8570
8578
8579
8581
8586
8590
8591
8593
8595
8597
8599
8602
8609
8610
8614
8618
8620
8621
8624
8625
8628
8629
8631
8636
8641
8642
8643
8646
8650
8651
8653
8655
8657
8659
8660
8662
8667
8673
8674
8676
8677
8678
8679
8680
8685
8690
8693
8696
8697
8701
8702
8703
8709
8710
8713
8716
8718
8722
8724
8726
8727
8729
8731
8735
8736
8740
8744
8745
8746
8748
8749
8750
8753
8754
8759
8761
8768
8770
8772
8776
8782
8790
8795
8797
8798
8800
8802
8803
8805
8808
8811
8813
8819
8820
8821
8823
8826
8830
8832
8834
8837
8839
8841
8842
8843
8846
8847
8849
8851
8852
8854
8856
8857
8859
8864
8865
8867
8869
8875
8876
8879
8881
8882
8884
8888
8895
8903
8904
8909
8910
8913
8914
8915
8916
8917
8919
8922
8927
8932
8937
8938
8941
8947
8948
8950
8951
8959
8962
8966
8967
8969
8972
8974
8975
8976
8985
8987
8990
8991
8992
8994
9000
9002
9004
9006
9008
9014
9015
9020
9025
9026
9027
9028
9029
9031
9035
9038
9039
9040
9041
9042
9046
9047
9049
9055
9056
9058
9062
9063
9065
9073
9076
9077
9080
9085
9086
9087
9090
9094
9095
9097
9100
9103
9105
9114
9116
9123
9127
9129
9131
9134
9135
9145
9146
9149
9151
9156
9157
9163
9165
9167
9171
9173
9174
9175
9176
9177
9178
9179
9181
9182
9183
9185
9186
9187
9189
9195
9204
9209
9212
9215
9217
9218
9219
9223
9227
9232
9237
9239
9246
9247
9251
9252
9256
9261
9267
9269
9271
9273
9277
9284
9287
9288
9290
9291
9293
9298
9302
9305
9314
9316
9319
9322
9324
9325
9328
9332
9333
9337
9340
9342
9346
9351
9354
9357
9362
9363
9369
9371
9372
9375
9376
9377
9380
9386
9391
9392
9398
9401
9403
9408
9411
9412
9414
9416
9418
9420
9424
9427
9428
9432
9433
9434
9435
9436
9437
9438
9448
9451
9457
9461
9469
9474
9480
9483
9484
9488
9491
9492
9497
9498
9499
9502
9505
9510
9511
9517
9521
9522
9530
9531
9532
9536
9541
9542
9548
9549
9550
9551
9553
9555
9558
9559
9560
9562
9563
9564
9567
9568
9570
9571
9574
9580
9582
9583
9584
9585
9586
9590
9591
9593
9596
9600
9601
9609
9610
9611
9612
9613
9619
9622
9624
9628
9630
9634
9638
9642
9643
9644
9645
9654
9655
9661
9664
9668
9674
9675
9679
9685
9687
9690
9695
9697
9698
9710
9713
9715
9717
9718
9720
9722
9724
9725
9730
9732
9733
9735
9738
9741
9742
9743
9744
9745
9749
9751
9756
9759
9762
9765
9771
9773
9774
9777
9779
9780
9781
9784
9794
9796
9798
9800
9807
9815
9818
9821
9832
9835
9838
9844
9847
9849
9851
9853
9854
9855
9860
9868
9869
9872
9873
9881
9883
9888
9889
9895
9897
9900
9905
9909
9913
9917
9928
9934
9935
9936
9938
9944
9946
9948
9950
9952
9953
9957
9960
9972
9973
9975
9977
9985
9990
9991
9993
9995
9996
9999
10003
10005
10010
10020
10023
10025
10032
10037
10042
10045
10054
10056
10064
10065
10072
10079
10082
10084
10086
10087
10088
10091
10097
10102
10103
10107
10110
10111
10116
10121
10122
10127
10128
10129
10135
10138
10139
10144
10147
10161
10166
10171
10179
10181
10182
10184
10187
10189
10191
10195
10197
10201
10202
10203
10209
10214
10218
10224
10226
10229
10231
10234
10235
10240
10243
10244
10245
10248
10250
10251
10254
10257
10258
10259
10260
10261
10262
10264
10267
10269
10274
10276
10282
10287
10288
10291
10292
10295
10297
10298
10300
10303
10307
10314
10317
10318
10320
10322
10323
10326
10328
10329
10330
10333
10335
10336
10340
10345
10350
10354
10355
10356
10366
10368
10372
10373
10377
10378
10379
10382
10386
10401
10403
10408
10412
10413
10417
10421
10422
10426
10435
10436
10437
10441
10442
10449
10450
10453
10455
10458
10467
10475
10477
10488
10489
10490
10492
10496
10497
10498
10504
10508
10509
10510
10511
10512
10513
10519
10522
10527
10530
10534
10535
10538
10539
10543
10546
10548
10549
10551
10552
10554
10557
10558
10559
10560
10570
10574
10576
10577
10581
10584
10585
10586
10589
10595
10596
10598
10601
10603
10604
10609
10610
10617
10620
10621
10622
10623
10626
10628
10634
10642
10643
10644
10649
10651
10658
10663
10666
10672
10675
10679
10682
10683
10684
10687
10689
10691
10692
10698
10699
10703
10706
10709
10712
10714
10715
10717
10723
10726
10727
10736
10737
10739
10741
10744
10746
10748
10753
10755
10756
10760
10762
10763
10764
10772
10775
10778
10779
10782
10784
10790
10794
10795
10801
10805
10806
10811
10812
10813
10818
10820
10824
10828
10835
10837
10839
10840
10841
10844
10845
10852
10853
10854
10855
10862
10863
10867
10871
10872
10873
10874
10882
10884
10885
10886
10890
10895
10896
10906
10907
10918
10921
10922
10927
10929
10930
10932
10937
10938
10940
10942
10947
10948
10955
10966
10968
10976
10977
10980
10981
10988
10991
10996
10997
10999
11007
11010
11011
11015
11017
11022
11023
11024
11032
11034
11036
11037
11040
11044
11045
11051
11053
11054
11056
11063
11068
11070
11073
11075
11078
11081
11082
11083
11089
11090
11093
11095
11104
11105
11107
11108
11109
11111
11112
11113
11114
11115
11117
11118
11126
11130
11139
11143
11144
11149
11150
11151
11152
11154
11155
11159
11161
11162
11167
11169
11170
11174
11179
11188
11189
11190
11191
11192
11194
11202
11203
11208
11218
11221
11222
11223
11226
11227
11229
11230
11233
11234
11235
11236
11237
11243
11244
11245
11246
11247
11252
11255
11256
11257
11259
11260
11261
11263
11266
11277
11279
11282
11285
11286
11292
11298
11299
11300
11304
11307
11308
11310
11314
11315
11316
11317
11318
11323
11324
11335
11336
11339
11341
11342
11348
11350
11357
11358
11364
11369
11372
11374
11377
11378
11379
11380
11382
11384
11387
11390
11391
11393
11398
11400
11401
11405
11407
11411
11412
11415
11416
11418
11420
11422
11424
11426
11427
11433
11434
11436
11438
11441
11442
11445
11450
11451
11452
11454
11456
11458
11460
11461
11462
11463
11464
11465
11466
11472
11477
11479
11480
11482
11487
11489
11490
11491
11494
11495
11498
11501
11503
11508
11509
11512
11517
11521
11522
11523
11524
11527
11532
11533
11534
11537
11538
11541
11543
11545
11546
11548
11552
11555
11556
11558
11560
11564
11565
11569
11573
11575
11578
11579
11582
11584
11587
11589
11595
11601
11606
11608
11616
11619
11620
11622
11626
11627
11630
11633
11634
11635
11636
11640
11641
11646
11648
11665
11667
11668
11671
11674
11676
11677
11678
11680
11681
11686
11688
11691
11695
11697
11700
11707
11709
11710
11713
11719
11721
11722
11730
11731
11732
11733
11740
11744
11746
11748
11749
11751
11759
11762
11764
11766
11769
11772
11773
11775
11780
11783
11785
11792
11794
11795
11796
11800
11802
11805
11807
11808
11809
11812
11817
11822
11826
11827
11829
11832
11833
11834
11836
11837
11838
11841
11863
11865
11869
11870
11871
11872
11874
11876
11883
11886
11888
11890
11895
11898
11899
11901
11904
11905
11911
11912
11916
11919
11923
11928
11929
11931
11932
11933
11937
11941
11944
11945
11946
11947
11948
11949
11950
11958
11959
11962
11967
11972
11976
11981
11982
11984
11985
11987
11988
11990
11993
11994
11996
11998
12001
12003
12004
12005
12007
12010
12025
12028
12032
12038
12039
12045
12047
12050
12051
12053
12057
12060
12064
12067
12070
12072
12073
12074
12076
12078
12079
12082
12083
12093
12094
12097
12098
12103
12105
12109
12113
12115
12117
12122
12124
12127
12128
12129
12133
12134
12135
12139
12140
12145
12153
12156
12157
12160
12161
12163
12164
12166
12167
12170
12171
12177
12179
12180
12187
12188
12193
12197
12201
12205
12209
12211
12222
12232
12233
12234
12238
12241
12242
12248
12254
12255
12261
12268
12273
12275
12279
12281
12285
12289
12294
12297
12301
12303
12308
12311
12313
12315
12316
12317
12321
12322
12330
12332
12335
12344
12345
12346
12354
12357
12363
12364
12369
12372
12378
12385
12386
12388
12390
12391
12393
12394
12398
12401
12405
12408
12412
12413
12414
12415
12419
12423
12424
12428
12430
12435
12437
12444
12445
12451
12454
12457
12458
12459
12463
12465
12470
12473
12474
12477
12478
12480
12481
12482
12484
12486
12491
12492
12494
12495
12501
12506
12509
12510
12515
12516
12517
12520
12525
12526
12529
12534
12536
12537
12538
12539
12542
12544
12552
12557
12559
12563
12564
12568
12572
12573
12576
12577
12580
12582
12584
12585
12588
12589
12593
12595
12596
12598
12600
12601
12604
12605
12607
12609
12612
12614
12617
12619
12622
12626
12631
12633
12634
12639
12641
12645
12646
12648
12649
12651
12652
12653
12654
12655
12657
12659
12660
12661
12662
12670
12671
12672
12678
12679
12682
12688
12690
12691
12692
12696
12698
12700
12702
12705
12706
12712
12714
12717
12720
12721
12732
12733
12734
12735
12737
12746
12748
12756
12758
12759
12761
12763
12767
12769
12771
12774
12776
12779
12780
12783
12786
12787
12793
12796
12797
12799
12803
12804
12808
12813
12820
12827
12828
12836
12840
12841
12842
12846
12847
12852
12853
12854
12859
12860
12863
12864
12867
12869
12872
12874
12875
12878
12879
12881
12882
12883
12884
12885
12888
12890
12893
12894
12895
12901
12905
12908
12915
12921
12923
12924
12926
12930
12931
12936
12940
12946
12949
12953
12958
12964
12965
12967
12970
12973
12975
12981
12983
12985
12986
12988
12990
12992
12998
13000
13001
13004
13008
13011
13014
13018
13024
13027
13031
13032
13034
13035
13037
13045
13046
13047
13048
13049
13052
13056
13057
13061
13062
13063
13064
13065
13066
13068
13071
13072
13075
13077
13079
13082
13087
13089
13090
13092
13093
13098
13099
13100
13101
13102
13104
13105
13107
13108
13110
13114
13116
13117
13119
13121
13123
13125
13132
13133
13134
13135
13137
13140
13141
13143
13145
13148
13149
13152
13154
13157
13158
13163
13165
13168
13169
13171
13173
13174
13181
13186
13189
13190
13193
13194
13195
13196
13198
13199
13200
13203
13206
13210
13211
13215
13219
13234
13235
13242
13244
13245
13247
13248
13256
13259
13260
13263
13265
13267
13268
13270
13271
13274
13275
13279
13283
13287
13288
13290
13294
13296
13298
13300
13302
13305
13312
13313
13315
13317
13318
13324
13328
13329
13331
13332
13333
13334
13339
13342
13343
13346
13350
13351
13357
13360
13363
13364
13374
13375
13376
13382
13386
13387
13391
13398
13403
13407
13408
13409
13411
13413
13416
13421
13422
13424
13425
13427
13434
13435
13437
13439
13443
13448
13453
13465
13467
13470
13471
13474
13477
13478
13479
13480
13486
13493
13495
13501
13503
13514
13526
13527
13531
13532
13534
13535
13536
13537
13543
13551
13553
13562
13563
13564
13566
13568
13569
13570
13576
13577
13578
13586
13587
13588
13589
13595
13598
13601
13602
13607
13609
13610
13613
13614
13617
13618
13619
13620
13622
13625
13631
13632
13635
13637
13638
13639
13640
13646
13648
13649
13653
13659
13660
13661
13665
13668
13669
13670
13671
13674
13678
13679
13682
13685
13686
13688
13690
13699
13703
13705
13712
13713
13725
13726
13728
13731
13736
13738
13739
13742
13743
13744
13745
13748
13752
13755
13763
13764
13766
13767
13772
13776
13783
13785
13790
13792
13793
13801
13802
13803
13809
13810
13812
13816
13817
13818
13820
13823
13825
13833
13839
13842
13845
13847
13850
13854
13855
13856
13861
13864
13866
13880
13885
13891
13892
13896
13901
13902
13904
13906
13908
13909
13911
13912
13919
13927
13928
13935
13936
13944
13950
13951
13963
13965
13973
13975
13977
13978
13979
13981
13982
13983
13984
13987
13988
13992
13994
13996
14000
14001
14007
14008
14009
14010
14017
14022
14023
14024
14025
14026
14027
14029
14031
14032
14034
14038
14040
14044
14045
14047
14048
14050
14053
14056
14059
14061
14062
14063
14064
14067
14069
14070
14071
14077
14080
14081
14082
14083
14084
14088
14091
14096
14098
14101
14108
14111
14117
14118
14122
14124
14125
14126
14128
14129
14130
14134
14135
14136
14138
14142
14145
14148
14149
14151
14158
14161
14168
14171
14172
14173
14181
14182
14188
14191
14192
14194
14195
14196
14200
14212
14215
14220
14222
14223
14225
14228
14229
14233
14235
14237
14239
14242
14245
14248
14251
14262
14268
14272
14274
14275
14278
14279
14280
14281
14283
14286
14294
14303
14306
14308
14311
14316
14317
14319
14322
14325
14330
14335
14343
14346
14351
14354
14358
14359
14362
14367
14368
14369
14370
14371
14377
14380
14382
14386
14387
14392
14397
14402
14403
14408
14409
14416
14418
14423
14427
14429
14431
14434
14435
14439
14440
14447
14449
14451
14456
14464
14468
14474
14476
14479
14481
14486
14494
14495
14496
14503
14506
14508
14516
14520
14521
14522
14526
14527
14533
14534
14536
14541
14543
14551
14555
14557
14558
14563
14566
14568
14569
14571
14576
14578
14579
14581
14582
14588
14589
14592
14595
14600
14602
14605
14607
14613
14615
14617
14619
14620
14623
14627
14628
14631
14634
14636
14641
14642
14643
14644
14645
14651
14653
14657
14658
14660
14661
14662
14663
14668
14669
14671
14683
14688
14691
14693
14694
14696
14697
14698
14699
14700
14703
14705
14708
14714
14717
14719
14720
14721
14722
14726
14729
14736
14737
14744
14755
14757
14760
14761
14766
14769
14773
14781
14788
14789
14795
14796
14798
14799
14802
14804
14808
14809
14810
14811
14812
14814
14817
14827
14829
14831
14838
14845
14851
14853
14854
14863
14864
14865
14866
14868
14869
14871
14872
14873
14874
14875
14886
14891
14894
14897
14902
14904
14905
14907
14908
14909
14910
14917
14919
14929
14930
14933
14936
14939
14941
14947
14948
14949
14955
14958
14960
14962
14965
14971
14978
14979
14984
14985
14995
14997
14999
15010
15011
15020
15021
15025
15031
15034
15035
15036
15037
15038
15040
15043
15054
15055
15057
15058
15062
15066
15070
15073
15077
15080
15081
15082
15084
15085
15086
15088
15091
15094
15095
15097
15099
15101
15102
15105
15107
15108
15110
15112
15115
15117
15120
15121
15122
15124
15125
15129
15132
15134
15136
15139
15140
15142
15147
15151
15154
15155
15159
15162
15164
15165
15168
15176
15177
15182
15185
15186
15188
15190
15197
15198
15199
15202
15208
15211
15212
15219
15221
15223
15225
15227
15229
15230
15234
15237
15239
15240
15241
15243
15247
15248
15253
15254
15255
15259
15263
15268
15270
15271
15281
15283
15285
15286
15287
15289
15290
15291
15294
15296
15298
15300
15303
15304
15309
15310
15312
15313
15315
15323
15327
15338
15346
15351
15352
15353
15359
15369
15370
15371
15377
15379
15384
15386
15388
15393
15394
15396
15399
15402
15403
15404
15413
15414
15415
15423
15427
15428
15431
15434
15435
15452
15454
15460
15462
15468
15474
15475
15477
15484
15485
15486
15487
15489
15490
15502
15503
15504
15509
15510
15513
15520
15522
15527
15528
15529
15533
15536
15542
15543
15547
15548
15554
15561
15562
15564
15567
15569
15576
15580
15581
15592
15594
15595
15597
15599
15601
15603
15604
15611
15615
15618
15624
15630
15636
15637
15639
15644
15652
15654
15656
15658
15659
15660
15664
15667
15670
15671
15673
15674
15675
15680
15681
15684
15685
15688
15697
15698
15701
15702
15705
15706
15711
15712
15714
15720
15722
15724
15725
15729
15734
15745
15753
15759
15763
15771
15772
15776
15777
15778
15782
15783
15784
15785
15787
15788
15789
15793
15794
15797
15801
15808
15814
15827
15833
15841
15843
15846
15848
15850
15852
15854
15857
15861
15865
15866
15869
15877
15879
15881
15882
15883
15886
15888
15890
15901
15904
15905
15907
15909
15910
15912
15915
15921
15926
15927
15929
15933
15936
15938
15939
15940
15946
15949
15953
15960
15961
15966
15969
15972
15975
15978
15980
15985
15988
15991
15992
15993
15999
16009
16014
16016
16021
16022
16023
16027
16030
16033
16034
16035
16037
16038
16039
16049
16050
16052
16057
16059
16060
16061
16063
16069
16070
16071
16072
16074
16075
16077
16088
16093
16096
16099
16100
16102
16106
16111
16112
16115
16117
16120
16122
16131
16132
16137
16138
16140
16142
16147
16148
16152
16154
16155
16156
16160
16163
16164
16165
16171
16177
16183
16186
16190
16191
16193
16196
16197
16198
16201
16202
16206
16210
16218
16220
16222
16224
16227
16229
16233
16236
16237
16240
16247
16253
16262
16263
16265
16267
16272
16276
16283
16287
16291
16293
16294
16295
16297
16301
16302
16303
16316
16318
16324
16325
16326
16329
16333
16336
16340
16341
16347
16348
16350
16351
16352
16358
16365
16366
16371
16372
16378
16385
16390
16395
16396
16398
16401
16402
16405
16413
16418
16420
16422
16427
16432
16433
16434
16440
16441
16443
16444
16449
16450
16451
16457
16459
16461
16462
16465
16466
16468
16469
16471
16473
16477
16479
16481
16483
16486
16487
16488
16491
16492
16494
16496
16497
16502
16504
16512
16514
16518
16521
16522
16524
16525
16526
16529
16532
16533
16537
16540
16541
16548
16549
16552
16554
16555
16561
16563
16564
16570
16571
16573
16574
16580
16581
16582
16589
16592
16599
16603
16605
16608
16611
16613
16615
16617
16618
16623
16629
16630
16636
16641
16642
16646
16649
16650
16651
16653
16657
16660
16661
16663
16664
16665
16668
16671
16675
16679
16680
16681
16684
16685
16702
16703
16716
16717
16720
16724
16726
16727
16729
16735
16737
16738
16739
16740
16745
16747
16752
16756
16762
16767
16773
16774
16783
16784
16786
16790
16792
16796
16804
16808
16815
16816
16826
16834
16835
16841
16844
16847
16851
16854
16856
16857
16858
16859
16872
16876
16890
16893
16897
16902
16904
16914
16917
16932
16937
16941
16950
16953
16956
16960
16961
16968
16973
16974
16975
16980
16985
16986
16988
16991
16999
17000
17002
17003
17004
17006
17011
17016
17017
17018
17022
17027
17028
17031
17032
17034
17036
17037
17047
17050
17051
17053
17057
17066
17067
17071
17080
17083
17084
17085
17087
17091
17095
17096
17097
17102
17103
17106
17108
17111
17112
17113
17123
17127
17128
17130
17134
17137
17139
17140
17141
17147
17149
17150
17151
17153
17156
17160
17166
17167
17168
17171
17172
17174
17175
17178
17180
17182
17183
17185
17190
17195
17198
17204
17209
17214
17215
17219
17221
17226
17228
17233
17234
17235
17236
17240
17244
17245
17247
17248
17251
17253
17254
17255
17256
17259
17260
17263
17269
17272
17282
17284
17287
17297
17299
17302
17310
17313
17314
17316
17323
17326
17330
17335
17339
17340
17345
17346
17349
17353
17356
17359
17361
17366
17372
17373
17377
17381
17383
17385
17387
17393
17395
17407
17412
17415
17417
17424
17425
17428
17434
17435
17441
17443
17444
17450
17453
17459
17468
17469
17471
17472
17475
17478
17479
17481
17482
17486
17494
17495
17496
17500
17506
17510
17511
17512
17513
17515
17517
17525
17526
17530
17531
17532
17534
17535
17538
17539
17540
17542
17543
17544
17551
17559
17560
17567
17570
17574
17577
17597
17598
17600
17606
17607
17614
17615
17618
17621
17622
17625
17626
17631
17633
17634
17636
17645
17646
17656
17659
17662
17664
17669
17672
17675
17680
17683
17687
17692
17695
17698
17700
17701
17705
17706
17710
17718
17724
17733
17734
17738
17739
17740
17741
17742
17744
17745
17749
17750
17751
17752
17753
17761
17763
17766
17768
17769
17772
17777
17784
17788
17789
17791
17792
17798
17802
17803
17806
17808
17811
17814
17815
17816
17823
17826
17827
17829
17833
17835
17836
17841
17842
17850
17854
17859
17860
17865
17867
17876
17882
17883
17887
17889
17896
17898
17900
17901
17903
17906
17909
17911
17913
17918
17919
17922
17926
17927
17928
17930
17932
17935
17939
17940
17942
17951
17952
17953
17963
17964
17968
17975
17976
17981
17982
17987
17988
17990
17992
17995
17996
17998
18002
18005
18006
18013
18016
18017
18019
18021
18024
18025
18026
18028
18031
18032
18033
18035
18036
18038
18039
18040
18044
18049
18056
18059
18064
18065
18066
18070
18071
18072
18074
18075
18078
18079
18081
18086
18087
18089
18090
18094
18097
18098
18100
18105
18106
18107
18108
18111
18114
18116
18118
18124
18126
18130
18133
18137
18144
18147
18148
18154
18160
18161
18162
18168
18169
18172
18182
18190
18193
18194
18198
18200
18205
18208
18214
18222
18225
18226
18228
18240
18241
18243
18244
18246
18252
18256
18259
18266
18268
18270
18271
18273
18274
18275
18276
18279
18281
18282
18286
18287
18290
18291
18293
18296
18299
18303
18306
18308
18310
18311
18312
18313
18315
18316
18317
18318
18322
18324
18326
18329
18331
18332
18333
18343
18346
18347
18351
18353
18357
18361
18362
18371
18377
18378
18383
18384
18392
18393
18395
18396
18397
18399
18401
18404
18420
18423
18424
18426
18428
18430
18431
18433
18434
18438
18439
18443
18444
18447
18450
18451
18452
18453
18456
18460
18461
18463
18464
18465
18469
18480
18487
18488
18489
18491
18500
18502
18507
18508
18509
18511
18516
18518
18531
18532
18533
18534
18536
18539
18540
18547
18549
18553
18556
18557
18559
18560
18561
18562
18565
18567
18570
18574
18577
18580
18581
18582
18588
18589
18591
18593
18598
18600
18603
18604
18611
18616
18617
18625
18631
18632
18633
18634
18636
18637
18639
18641
18643
18644
18647
18650
18656
18657
18661
18666
18667
18668
18672
18673
18676
18677
18685
18687
18691
18693
18696
18701
18703
18704
18706
18711
18714
18716
18718
18720
18724
18727
18728
18732
18733
18734
18735
18738
18743
18746
18747
18748
18749
18753
18755
18761
18763
18764
18768
18769
18770
18771
18776
18780
18782
18783
18785
18786
18793
18795
18796
18801
18803
18805
18814
18815
18817
18822
18824
18825
18829
18832
18836
18837
18838
18839
18846
18847
18848
18854
18860
18867
18868
18870
18871
18872
18876
18878
18879
18890
18897
18901
18904
18905
18913
18925
18926
18929
18932
18935
18936
18938
18941
18942
18946
18947
18950
18954
18957
18961
18964
18965
18966
18972
18974
18976
18978
18980
18982
18984
18988
18989
18993
18995
18997
19002
19004
19010
19012
19013
19022
19025
19027
19033
19034
19043
19047
19052
19061
19064
19073
19077
19083
19084
19085
19086
19088
19093
19096
19098
19101
19103
19104
19112
19113
19122
19126
19128
19137
19142
19143
19149
19150
19158
19164
19165
19166
19168
19170
19171
19172
19174
19175
19179
19180
19181
19184
19185
19188
19198
19199
19200
19202
19204
19205
19206
19211
19212
19214
19221
19223
19224
19227
19231
19232
19233
19237
19239
19241
19243
19249
19250
19254
19255
19262
19263
19264
19266
19270
19271
19275
19276
19277
19278
19279
19280
19281
19287
19288
19297
19300
19302
19303
19309
19311
19313
19314
19320
19321
19323
19325
19328
19330
19331
19332
19334
19337
19338
19343
19344
19345
19346
19350
19351
19352
19354
19356
19357
19359
19364
19365
19366
19367
19370
19371
19372
19375
19376
19378
19379
19383
19386
19393
19397
19399
19400
19403
19405
19411
19415
19417
19418
19420
19426
19431
19437
19438
19439
19440
19447
19449
19451
19452
19454
19457
19462
19463
19465
19467
19468
19472
19474
19476
19481
19482
19488
19490
19498
19502
19520
19522
19523
19527
19529
19530
19532
19535
19536
19542
19544
19545
19549
19551
19554
19558
19560
19565
19568
19570
19571
19573
19579
19581
19582
19583
19584
19585
19586
19589
19592
19596
19600
19602
19605
19614
19615
19617
19620
19621
19627
19628
19629
19632
19633
19642
19646
19648
19650
19652
19654
19657
19659
19661
19663
19669
19670
19671
19673
19675
19676
19677
19678
19681
19682
19683
19684
19688
19690
19692
19695
19698
19704
19705
19706
19710
19719
19720
19721
19723
19726
19729
19733
19735
19737
19741
19742
19744
19745
19751
19753
19754
19755
19757
19761
19774
19775
19776
19777
19778
19779
19780
19782
19788
19789
19790
19791
19792
19793
19797
19799
19800
19802
19807
19808
19814
19816
19821
19826
19833
19835
19850
19853
19856
19860
19862
19864
19867
19871
19872
19875
19876
19879
19880
19881
19882
19887
19888
19893
19894
19895
19898
19899
19900
19901
19908
19911
19912
19916
19918
19920
19921
19922
19925
19928
19941
19944
19945
19952
19954
19955
19956
19959
19960
19964
19965
19966
19979
19983
19984
19985
19986
19987
19989
19993
19994
19995
19999
20005
20007
20008
20010
20012
20014
20015
20018
20019
20026
20028
20031
20032
20033
20039
20042
20043
20044
20051
20054
20056
20061
20064
20065
20066
20067
20068
20070
20072
20075
20078
20080
20088
20090
20091
20092
20094
20095
20101
20106
20109
20110
20112
20115
20122
20123
20129
20130
20138
20141
20142
20145
20146
20152
20154
20157
20159
20163
20164
20167
20169
20170
20175
20177
20178
20179
20180
20181
20186
20187
20190
20193
20194
20196
20197
20206
20208
20209
20211
20215
20216
20219
20220
20221
20222
20225
20226
20227
20232
20234
20235
20248
20249
20251
20253
20257
20258
20260
20269
20271
20274
20276
20283
20287
20289
20290
20292
20298
20299
20300
20303
20307
20308
20311
20313
20316
20318
20319
20321
20322
20325
20330
20331
20332
20335
20343
20344
20350
20352
20354
20356
20357
20361
20363
20364
20367
20372
20374
20375
20377
20378
20379
20380
20383
20387
20389
20390
20391
20394
20397
20398
20403
20408
20409
20412
20415
20416
20418
20422
20427
20434
20438
20444
20445
20446
20449
20450
20456
20458
20459
20460
20466
20473
20474
20475
20487
20493
20495
20498
20499
20501
20503
20504
20509
20516
20522
20525
20527
20534
20539
20543
20547
20553
20557
20558
20567
20573
20574
20575
20577
20580
20585
20589
20590
20593
20594
20596
20598
20600
20601
20602
20603
20604
20605
20611
20612
20613
20614
20615
20616
20618
20620
20621
20624
20628
20637
20640
20641
20652
20655
20656
20661
20662
20664
20665
20667
20668
20673
20674
20676
20677
20680
20683
20684
20686
20690
20692
20694
20696
20700
20704
20709
20714
20715
20718
20721
20722
20725
20726
20729
20730
20741
20744
20748
20752
20761
20764
20770
20773
20777
20779
20780
20783
20787
20791
20792
20795
20797
20807
20809
20811
20812
20817
20818
20819
20823
20824
20825
20828
20833
20836
20837
20841
20843
20847
20850
20851
20852
20857
20863
20868
20870
20874
20877
20883
20885
20886
20887
20889
20890
20893
20896
20899
20900
20906
20908
20910
20914
20919
20932
20935
20936
20938
20941
20942
20945
20949
20955
20956
20959
20960
20962
20963
20965
20968
20970
20972
20976
20977
20985
20986
20987
20988
20989
20990
20999
21001
21004
21005
21008
21011
21012
21013
21017
21021
21030
21033
21035
21037
21039
21041
21042
21044
21045
21048
21055
21057
21059
21061
21065
21066
21067
21070
21071
21076
21079
21081
21082
21084
21085
21091
21092
21093
21094
21095
21096
21099
21101
21102
21103
21104
21105
21107
21108
21115
21117
21126
21127
21129
21131
21133
21134
21136
21138
21141
21143
21144
21145
21147
21148
21151
21154
21155
21157
21158
21160
21162
21163
21173
21178
21188
21189
21193
21194
21195
21198
21199
21200
21201
21202
21204
21205
21206
21207
21208
21214
21215
21216
21217
21219
21220
21222
21224
21225
21227
21230
21232
21233
21236
21238
21240
21243
21244
21246
21249
21252
21260
21261
21262
21263
21264
21270
21271
21272
21273
21275
21277
21278
21280
21285
21294
21297
21298
21299
21302
21303
21306
21308
21319
21320
21323
21327
21330
21341
21342
21349
21350
21353
21354
21356
21360
21362
21363
21365
21367
21369
21371
21373
21377
21378
21384
21390
21392
21393
21394
21396
21397
21399
21403
21404
21405
21406
21407
21413
21416
21418
21422
21424
21425
21428
21430
21432
21434
21435
21439
21440
21445
21449
21453
21455
21460
21461
21466
21467
21468
21471
21477
21482
21488
21490
21494
21495
21496
21499
21507
21509
21511
21513
21514
21515
21516
21517
21520
21521
21526
21528
21531
21532
21533
21539
21540
21545
21548
21553
21557
21559
21563
21564
21565
21566
21567
21574
21575
21576
21577
21581
21584
21585
21586
21588
21594
21595
21597
21598
21606
21609
21610
21611
21612
21617
21619
21622
21634
21638
21641
21650
21652
21653
21656
21662
21665
21666
21669
21671
21672
21675
21682
21687
21690
21693
21698
21703
21705
21706
21708
21713
21720
21721
21722
21725
21728
21729
21730
21733
21737
21739
21741
21742
21745
21748
21750
21751
21754
21763
21766
21767
21773
21775
21776
21780
21784
21786
21794
21798
21801
21803
21807
21808
21813
21816
21819
21820
21821
21824
21825
21831
21837
21839
21841
21842
21843
21846
21847
21848
21850
21851
21853
21854
21857
21858
21869
21870
21872
21875
21876
21878
21881
21882
21886
21889
21892
21895
21897
21899
21900
21901
21914
21915
21917
21922
21924
21928
21929
21930
21934
21937
21938
21940
21945
21956
21959
21960
21961
21962
21963
21964
21969
21970
21971
21975
21978
21983
21984
21985
21989
21990
21991
21993
21995
22001
22003
22004
22010
22012
22016
22021
22025
22026
22027
22029
22031
22032
22035
22036
22039
22048
22051
22052
22054
22057
22058
22059
22061
22070
22074
22075
22076
22078
22081
22088
22093
22096
22099
22102
22104
22105
22108
22114
22116
22121
22124
22127
22128
22129
22134
22136
22138
22145
22147
22149
22155
22157
22158
22160
22162
22167
22170
22172
22173
22176
22178
22184
22185
22186
22188
22189
22191
22192
22195
22201
22203
22209
22214
22216
22217
22219
22220
22223
22225
22227
22230
22231
22233
22240
22248
22251
22252
22260
22264
22265
22269
22271
22275
22276
22281
22282
22284
22286
22288
22289
22291
22292
22296
22303
22306
22309
22311
22314
22315
22324
22326
22328
22333
22339
22340
22342
22346
22348
22351
22356
22360
22367
22371
22372
22374
22375
22378
22380
22382
22384
22387
22404
22407
22409
22410
22412
22414
22416
22418
22421
22423
22424
22426
22435
22436
22438
22440
22447
22451
22458
22464
22470
22473
22476
22485
22491
22494
22498
22501
22502
22505
22507
22508
22509
22510
22512
22513
22522
22523
22527
22528
22529
22531
22532
22535
22538
22542
22553
22556
22558
22559
22560
22561
22564
22565
22566
22567
22569
22572
22575
22576
22578
22585
22586
22587
22589
22591
22596
22597
22598
22604
22613
22615
22616
22618
22619
22622
22623
22624
22626
22627
22628
22631
22633
22635
22636
22638
22641
22642
22643
22644
22648
22649
22651
22654
22658
22659
22664
22674
22678
22679
22685
22691
22693
22696
22698
22701
22704
22705
22709
22710
22712
22723
22726
22730
22732
22737
22740
22741
22742
22743
22747
22752
22758
22760
22764
22768
22771
22776
22777
22779
22784
22785
22786
22793
22799
22800
22802
22803
22804
22814
22815
22818
22820
22822
22827
22828
22829
22835
22837
22841
22844
22846
22847
22852
22853
22856
22857
22859
22860
22862
22863
22865
22866
22870
22878
22884
22887
22890
22895
22898
22901
22904
22905
22906
22914
22919
22922
22925
22928
22932
22935
22941
22943
22952
22953
22965
22969
22970
22971
22973
22975
22979
22980
22981
22985
22986
22988
22989
22991
22993
22994
22995
23004
23006
23007
23013
23016
23018
23019
23024
23027
23028
23029
23031
23032
23033
23037
23041
23045
23046
23051
23052
23053
23054
23055
23056
23059
23062
23064
23066
23070
23072
23073
23075
23076
23078
23080
23082
23092
23098
23101
23104
23105
23106
23108
23109
23110
23112
23115
23116
23117
23119
23125
23126
23130
23134
23138
23141
23143
23148
23152
23157
23159
23165
23166
23174
23176
23180
23184
23187
23188
23196
23205
23207
23210
23211
23212
23213
23214
23217
23219
23220
23223
23224
23226
23227
23228
23233
23234
23235
23238
23239
23240
23242
23246
23248
23253
23258
23266
23271
23272
23276
23280
23286
23290
23292
23294
23295
23299
23300
23303
23304
23308
23315
23320
23322
23323
23328
23330
23333
23337
23338
23339
23341
23342
23350
23351
23353
23354
23355
23358
23361
23364
23365
23366
23368
23372
23375
23377
23378
23382
23388
23396
23398
23406
23411
23418
23421
23423
23425
23426
23429
23431
23438
23440
23442
23447
23448
23454
23456
23458
23460
23465
23466
23468
23474
23476
23481
23484
23491
23493
23494
23505
23508
23509
23510
23512
23516
23517
23518
23522
23529
23531
23536
23537
23538
23542
23543
23548
23549
23552
23558
23559
23564
23565
23567
23568
23569
23574
23577
23578
23580
23583
23590
23593
23599
23602
23603
23606
23609
23612
23616
23622
23626
23629
23630
23632
23634
23635
23636
23637
23641
23645
23648
23650
23651
23653
23661
23662
23666
23667
23668
23670
23674
23677
23679
23682
23688
23691
23692
23696
23697
23700
23702
23704
23707
23709
23710
23711
23712
23713
23720
23722
23725
23728
23729
23736
23737
23738
23739
23741
23743
23748
23750
23753
23765
23766
23781
23782
23786
23789
23793
23795
23798
23803
23809
23815
23816
23821
23826
23832
23833
23837
23841
23844
23845
23852
23858
23859
23861
23862
23863
23864
23869
23871
23872
23874
23875
23877
23879
23886
23887
23889
23895
23896
23897
23898
23899
23905
23906
23907
23911
23915
23916
23920
23922
23924
23927
23928
23929
23933
23936
23939
23941
23948
23951
23952
23956
23960
23962
23963
23964
23965
23967
23979
23981
23984
23986
23987
23988
23989
23991
23992
23994
24000
24001
24008
24009
24020
24022
24024
24026
24029
24030
24032
24036
24037
24039
24041
24042
24044
24050
24051
24052
24055
24057
24060
24062
24063
24065
24069
24071
24072
24074
24078
24083
24084
24088
24090
24091
24092
24096
24100
24102
24103
24105
24108
24109
24114
24120
24122
24123
24125
24127
24129
24137
24140
24142
24143
24145
24148
24149
24151
24156
24161
24163
24165
24170
24171
24172
24175
24177
24180
24182
24189
24190
24198
24205
24215
24217
24219
24220
24222
24223
24224
24233
24242
24243
24245
24247
24248
24252
24258
24265
24266
24284
24285
24286
24290
24292
24294
24300
24305
24310
24312
24314
24315
24317
24322
24323
24324
24325
24330
24331
24333
24336
24337
24339
24341
24346
24347
24348
24353
24355
24360
24361
24374
24376
24386
24387
24400
24403
24404
24415
24416
24421
24424
24430
24435
24439
24441
24443
24451
24455
24459
24461
24474
24476
24477
24479
24480
24482
24483
24484
24492
24497
24499
24506
24508
24509
24511
24512
24518
24520
24531
24532
24533
24534
24536
24538
24542
24544
24547
24548
24549
24554
24556
24558
24559
24561
24575
24576
24577
24580
24581
24582
24583
24586
24588
24590
24593
24594
24597
24600
24601
24603
24607
24610
24615
24616
24620
24621
24625
24626
24627
24635
24639
24641
24642
24643
24647
24650
24651
24653
24661
24662
24668
24670
24671
24672
24673
24679
24684
24694
24700
24706
24722
24725
24729
24731
24734
24736
24739
24743
24744
24751
24755
24756
24759
24761
24763
24764
24765
24768
24771
24773
24775
24777
24778
24781
24782
24785
24787
24788
24790
24791
24792
24794
24799
24800
24801
24806
24808
24809
24811
24812
24814
24819
24822
24825
24827
24828
24829
24836
24838
24839
24841
24843
24846
24850
24852
24854
24857
24858
24859
24862
24872
24875
24878
24881
24887
24891
24893
24896
24898
24899
24901
24902
24908
24910
24911
24913
24914
24921
24923
24927
24928
24929
24931
24934
24935
24940
24942
24950
24952
24953
24954
24956
24958
24959
24963
24965
24967
24973
24976
24977
24979
24982
24984
24985
24987
24989
24994
24995
24996
24997
24999
25001
25002
25004
25005
25015
25017
25024
25029
25032
25036
25037
25038
25042
25046
25056
25068
25070
25071
25073
25074
25078
25082
25085
25086
25091
25093
25101
25104
25106
25107
25108
25114
25115
25118
25124
25126
25127
25133
25134
25135
25136
25141
25143
25146
25154
25157
25159
25163
25167
25171
25177
25179
25181
25182
25187
25188
25190
25193
25194
25195
25199
25206
25207
25214
25215
25217
25219
25222
25224
25225
25226
25227
25230
25233
25234
25236
25239
25241
25243
25244
25246
25248
25252
25253
25271
25274
25277
25280
25285
25286
25291
25292
25296
25298
25299
25300
25303
25305
25312
25313
25316
25317
25321
25327
25334
25336
25344
25352
25353
25357
25358
25360
25362
25363
25366
25370
25371
25373
25374
25376
25377
25379
25380
25381
25384
25386
25387
25393
25396
25398
25403
25405
25406
25407
25415
25416
25417
25420
25427
25431
25432
25433
25434
25436
25438
25447
25449
25451
25458
25462
25463
25468
25472
25474
25483
25484
25485
25488
25495
25496
25500
25504
25507
25511
25512
25521
25524
25526
25527
25529
25541
25542
25543
25551
25554
25556
25558
25560
25563
25569
25571
25575
25580
25582
25588
25592
25593
25594
25599
25600
25601
25602
25604
25607
25612
25613
25614
25615
25616
25617
25619
25625
25628
25634
25636
25640
25641
25642
25643
25648
25655
25658
25660
25661
25662
25668
25669
25670
25671
25674
25676
25679
25683
25686
25687
25689
25691
25692
25697
25700
25701
25704
25712
25724
25725
25728
25734
25735
25737
25742
25743
25744
25746
25747
25748
25749
25751
25755
25758
25763
25764
25765
25767
25769
25770
25772
25773
25778
25779
25780
25781
25782
25783
25786
25787
25788
25791
25794
25800
25801
25803
25804
25805
25809
25811
25813
25814
25815
25819
25820
25822
25824
25825
25826
25827
25830
25832
25838
25839
25840
25842
25844
25845
25855
25857
25858
25862
25864
25865
25866
25867
25873
25876
25878
25885
25893
25894
25896
25899
25901
25902
25904
25905
25908
25909
25918
25919
25920
25921
25923
25925
25929
25930
25937
25938
25940
25941
25943
25944
25947
25950
25954
25959
25962
25969
25973
25978
25979
25980
25984
25986
25988
25993
25994
25996
25997
25998
26002
26004
26005
26007
26014
26015
26016
26022
26023
26026
26030
26031
26032
26037
26038
26046
26048
26052
26053
26058
26060
26072
26073
26076
26081
26082
26084
26088
26090
26093
26097
26098
26105
26106
26109
26120
26121
26122
26124
26126
26127
26132
26135
26139
26142
26145
26148
26154
26155
26159
26163
26165
26167
26168
26173
26177
26178
26179
26182
26184
26187
26189
26192
26196
26200
26204
26207
26211
26212
26217
26220
26222
26225
26227
26239
26241
26246
26247
26249
26251
26252
26253
26255
26257
26259
26265
26266
26269
26270
26271
26272
26276
26280
26282
26284
26296
26299
26301
26305
26309
26310
26314
26317
26319
26321
26323
26331
26334
26335
26336
26339
26340
26342
26347
26348
26352
26355
26356
26357
26363
26366
26367
26370
26374
26376
26377
26380
26381
26383
26386
26389
26394
26397
26402
26404
26406
26408
26411
26414
26418
26419
26422
26425
26427
26430
26436
26441
26444
26445
26446
26447
26448
26451
26453
26457
26459
26461
26466
26467
26471
26474
26480
26484
26486
26487
26490
26494
26495
26498
26499
26501
26502
26504
26506
26507
26513
26514
26519
26535
26537
26543
26549
26553
26554
26555
26556
26559
26562
26563
26565
26566
26567
26569
26570
26573
26576
26577
26580
26584
26587
26592
26595
26597
26602
26607
26609
26610
26612
26613
26619
26624
26625
26628
26631
26635
26638
26639
26648
26658
26659
26664
26667
26671
26679
26680
26681
26684
26688
26692
26693
26701
26704
26707
26720
26722
26723
26728
26730
26732
26739
26741
26742
26743
26744
26746
26753
26755
26756
26757
26765
26768
26769
26772
26774
26776
26778
26787
26788
26790
26791
26795
26803
26804
26808
26809
26813
26819
26829
26830
26834
26835
26836
26837
26841
26842
26844
26848
26853
26854
26859
26864
26865
26870
26872
26873
26875
26876
26877
26878
26880
26882
26886
26891
26895
26896
26898
26899
26902
26903
26905
26908
26909
26910
26911
26912
26914
26921
26923
26927
26938
26940
26941
26944
26945
26946
26947
26949
26954
26958
26960
26962
26964
26970
26971
26976
26979
26980
26981
26983
26985
26987
26988
26991
26996
26997
27011
27013
27018
27019
27020
27022
27025
27026
27027
27032
27035
27037
27038
27039
27040
27045
27059
27061
27063
27066
27067
27069
27071
27072
27077
27078
27084
27088
27092
27094
27095
27100
27101
27103
27118
27119
27120
27123
27128
27129
27131
27133
27137
27140
27141
27142
27144
27145
27152
27158
27160
27161
27164
27165
27166
27167
27169
27174
27176
27178
27186
27188
27191
27193
27194
27196
27198
27203
27204
27205
27206
27209
27214
27215
27217
27225
27226
27229
27234
27235
27237
27239
27241
27243
27244
27249
27258
27259
27260
27263
27266
27270
27272
27274
27275
27276
27281
27282
27288
27289
27290
27291
27297
27300
27301
27306
27308
27318
27324
27326
27328
27336
27338
27340
27343
27345
27347
27358
27364
27367
27368
27369
27373
27376
27377
27379
27382
27384
27386
27390
27391
27394
27398
27399
27400
27401
27405
27406
27407
27410
27414
27426
27432
27433
27435
27437
27447
27451
27453
27454
27456
27459
27460
27461
27462
27463
27469
27470
27473
27475
27479
27486
27489
27492
27496
27497
27503
27505
27509
27512
27516
27523
27526
27531
27535
27541
27546
27548
27552
27559
27563
27564
27571
27574
27579
27581
27584
27586
27587
27588
27590
27591
27594
27595
27596
27597
27598
27601
27606
27607
27612
27614
27619
27622
27629
27630
27639
27644
27647
27648
27649
27652
27654
27657
27658
27659
27660
27664
27665
27668
27669
27670
27676
27682
27689
27690
27691
27692
27694
27701
27703
27706
27707
27708
27709
27710
27711
27713
27716
27719
27720
27721
27725
27736
27738
27739
27743
27744
27745
27750
27753
27756
27757
27759
27760
27762
27766
27768
27769
27773
27779
27780
27783
27790
27791
27798
27799
27802
27804
27806
27807
27809
27810
27816
27818
27819
27820
27822
27823
27827
27829
27830
27832
27835
27836
27839
27841
27843
27844
27845
27849
27853
27855
27858
27861
27864
27867
27877
27878
27884
27885
27888
27890
27895
27897
27904
27907
27910
27914
27916
27917
27918
27919
27920
27924
27925
27929
27930
27932
27933
27937
27939
27940
27944
27949
27951
27953
27954
27955
27958
27959
27961
27962
27966
27972
27973
27978
27980
27985
27992
27994
27995
27996
28002
28003
28006
28009
28013
28014
28017
28020
28021
28025
28027
28028
28029
28030
28031
28032
28033
28036
28038
28041
28046
28048
28049
28050
28051
28053
28057
28058
28059
28061
28064
28066
28067
28070
28071
28074
28075
28079
28083
28086
28087
28088
28091
28095
28100
28102
28104
28108
28111
28120
28123
28124
28128
28130
28133
28134
28135
28136
28137
28139
28141
28142
28143
28150
28153
28160
28164
28166
28169
28172
28175
28176
28179
28181
28182
28185
28188
28189
28190
28192
28193
28205
28206
28208
28209
28210
28211
28214
28215
28220
28222
28225
28228
28229
28230
28233
28235
28239
28243
28244
28249
28252
28253
28256
28260
28265
28266
28271
28278
28280
28282
28283
28293
28294
28295
28299
28300
28301
28303
28307
28310
28311
28312
28314
28316
28317
28318
28320
28321
28322
28323
28325
28327
28328
28331
28332
28334
28338
28339
28345
28346
28351
28356
28360
28364
28365
28368
28370
28376
28383
28384
28385
28386
28389
28391
28394
28395
28399
28406
28408
28410
28414
28416
28417
28420
28421
28422
28428
28431
28433
28435
28437
28448
28450
28451
28454
28460
28466
28467
28471
28472
28475
28476
28481
28482
28483
28484
28486
28488
28491
28493
28498
28499
28500
28502
28505
28508
28511
28520
28521
28522
28525
28530
28532
28533
28537
28540
28541
28544
28545
28548
28551
28555
28560
28561
28565
28569
28571
28573
28574
28580
28582
28586
28590
28591
28592
28594
28601
28603
28604
28613
28617
28618
28623
28625
28630
28638
28640
28645
28646
28647
28648
28650
28653
28656
28659
28664
28672
28675
28679
28686
28689
28693
28695
28698
28699
28706
28710
28714
28715
28716
28717
28719
28720
28725
28728
28729
28730
28731
28734
28737
28742
28743
28744
28753
28755
28757
28769
28774
28776
28778
28786
28792
28797
28798
28799
28803
28806
28816
28817
28823
28828
28829
28830
28834
28844
28845
28846
28847
28848
28853
28857
28862
28865
28867
28869
28870
28871
28872
28875
28891
28892
28893
28896
28897
28899
28902
28903
28904
28908
28912
28917
28921
28924
28927
28928
28934
28935
28937
28939
28940
28941
28951
28956
28957
28958
28962
28965
28966
28968
28973
28974
28978
28982
28985
28987
28988
28989
28991
28993
28994
28997
28999
29002
29006
29007
29010
29011
29014
29015
29016
29019
29023
29024
29025
29026
29030
29032
29033
29034
29035
29048
29053
29054
29058
29060
29066
29067
29076
29078
29080
29081
29084
29088
29090
29091
29094
29101
29108
29109
29115
29118
29122
29123
29126
29135
29136
29138
29139
29140
29142
29144
29147
29149
29150
29151
29152
29156
29158
29159
29161
29163
29165
29166
29171
29172
29174
29175
29176
29181
29182
29184
29185
29186
29188
29194
29196
29201
29204
29205
29210
29216
29218
29220
29222
29230
29231
29236
29237
29238
29239
29251
29255
29256
29259
29265
29270
29272
29273
29276
29280
29285
29286
29287
29301
29303
29304
29315
29320
29322
29324
29328
29334
29339
29341
29342
29347
29351
29352
29355
29357
29361
29362
29364
29370
29374
29376
29377
29378
29383
29385
29387
29388
29390
29391
29395
29396
29397
29399
29400
29405
29406
29407
29423
29426
29427
29428
29436
29437
29442
29447
29451
29452
29455
29461
29463
29464
29465
29466
29469
29477
29479
29482
29483
29484
29486
29487
29490
29491
29492
29494
29497
29504
29507
29508
29510
29511
29512
29513
29516
29518
29522
29523
29525
29529
29530
29532
29536
29538
29543
29544
29545
29547
29548
29551
29553
29558
29564
29571
29580
29583
29584
29585
29588
29591
29592
29597
29599
29601
29604
29607
29608
29614
29618
29619
29620
29621
29625
29626
29627
29637
29644
29646
29651
29652
29655
29659
29661
29662
29663
29667
29669
29671
29672
29674
29675
29678
29679
29681
29683
29687
29689
29692
29695
29697
29698
29699
29705
29706
29710
29715
29724
29726
29727
29730
29735
29736
29737
29738
29741
29742
29743
29745
29747
29752
29754
29755
29762
29768
29772
29776
29779
29786
29788
29789
29790
29791
29792
29793
29800
29802
29806
29807
29811
29812
29814
29816
29820
29825
29827
29830
29831
29837
29841
29843
29847
29848
29849
29851
29856
29859
29863
29873
29874
29881
29882
29883
29885
29886
29887
29888
29889
29891
29895
29898
29904
29906
29907
29909
29910
29913
29914
29916
29917
29922
29924
29925
29927
29930
29931
29932
29936
29947
29949
29957
29961
29965
29967
29971
29972
29974
29975
29980
29981
29986
29987
29994
29996
