0
2
6
9
11
12
15
16
18
19
21
22
24
27
30
32
33
35
36
38
40
41
42
47
51
55
56
57
58
59
60
63
66
68
69
72
73
75
78
79
83
84
86
87
89
90
95
96
97
99
101
103
104
105
106
107
110
112
113
114
116
119
120
121
123
125
128
129
130
134
135
136
137
139
140
141
144
146
150
151
152
155
156
157
158
159
160
161
165
167
168
169
172
173
174
176
177
178
179
180
181
184
185
186
187
190
193
194
199
200
201
202
203
204
205
206
207
213
217
220
222
225
233
234
235
236
237
238
239
240
241
242
244
247
252
254
255
261
262
263
265
267
270
273
274
275
276
278
282
283
284
285
286
289
292
293
295
299
301
302
304
305
306
307
309
310
313
315
323
324
325
326
327
329
331
333
334
335
336
345
347
348
349
351
352
353
354
355
359
360
361
363
364
366
367
373
375
382
383
385
386
387
390
391
394
397
398
399
404
406
407
408
410
412
413
414
415
417
418
423
425
426
427
428
429
430
431
434
436
437
438
439
441
445
447
450
454
456
458
460
461
468
469
470
474
478
479
480
485
486
487
490
491
492
494
498
502
504
505
506
507
508
509
510
514
515
517
521
526
527
528
530
531
532
534
535
537
541
542
543
547
549
554
556
557
558
559
560
561
563
564
565
566
567
568
569
572
576
580
581
582
583
585
586
587
588
591
594
596
599
601
602
603
608
609
610
612
615
616
618
622
624
627
628
629
635
637
638
639
640
641
646
647
648
650
654
655
656
657
658
663
664
667
670
671
673
675
676
679
680
681
682
684
685
690
691
695
698
699
700
701
706
707
710
711
712
717
718
721
722
724
725
726
729
732
734
735
736
740
741
745
746
748
749
750
751
754
761
762
765
768
769
773
775
777
779
787
790
791
792
793
794
795
796
798
801
802
804
805
806
807
808
809
811
813
814
815
816
817
819
822
824
828
829
832
833
834
836
837
838
840
841
844
855
856
857
858
863
865
867
868
869
870
871
872
875
879
880
881
885
887
890
891
892
893
895
897
899
901
902
905
906
907
909
911
914
915
917
922
923
924
926
927
928
930
931
933
935
938
939
943
945
946
947
948
949
950
951
952
954
955
956
961
962
963
965
968
969
970
972
974
976
978
982
983
984
985
987
988
989
990
992
997
1000
1001
1004
1006
1008
1009
1010
1011
1013
1015
1016
1018
1021
1022
1024
1025
1026
1027
1030
1031
1032
1035
1036
1043
1044
1045
1046
1047
1048
1050
1051
1052
1053
1058
1059
1060
1061
1062
1063
1068
1070
1071
1073
1074
1075
1076
1080
1081
1083
1084
1085
1087
1089
1091
1092
1093
1094
1096
1097
1098
1100
1101
1102
1103
1106
1109
1110
1113
1114
1118
1121
1122
1124
1125
1127
1128
1129
1131
1132
1133
1134
1137
1138
1139
1141
1142
1143
1144
1149
1155
1156
1157
1162
1164
1165
1168
1169
1170
1173
1177
1178
1180
1181
1183
1184
1186
1187
1188
1189
1190
1191
1195
1198
1199
1200
1202
1206
1207
1208
1209
1210
1212
1214
1216
1217
1218
1219
1221
1222
1223
1226
1227
1229
1231
1232
1234
1237
1238
1240
1242
1245
1246
1247
1248
1249
1251
1252
1255
1261
1266
1267
1268
1270
1271
1279
1280
1281
1283
1285
1289
1292
1293
1296
1300
1301
1302
1303
1305
1306
1307
1308
1309
1311
1313
1314
1315
1317
1319
1320
1322
1323
1325
1326
1328
1329
1331
1332
1335
1338
1344
1349
1350
1351
1352
1355
1356
1357
1358
1359
1364
1365
1367
1369
1370
1372
1375
1377
1378
1379
1381
1382
1384
1385
1388
1389
1390
1391
1393
1398
1401
1402
1405
1406
1407
1408
1409
1412
1414
1420
1425
1426
1427
1429
1433
1434
1437
1441
1443
1445
1447
1448
1450
1451
1454
1458
1459
1463
1464
1466
1469
1470
1471
1474
1475
1478
1479
1480
1481
1484
1486
1489
1490
1493
1496
1499
1500
1503
1505
1506
1510
1511
1512
1515
1516
1521
1523
1525
1526
1527
1528
1529
1530
1536
1537
1541
1543
1546
1547
1548
1549
1551
1554
1555
1558
1560
1561
1562
1565
1569
1570
1571
1572
1573
1576
1578
1579
1580
1582
1583
1584
1587
1588
1593
1594
1597
1598
1600
1601
1602
1604
1605
1607
1608
1610
1611
1612
1614
1616
1618
1620
1621
1622
1623
1625
1626
1627
1629
1630
1632
1633
1634
1636
1638
1641
1645
1646
1648
1649
1651
1652
1660
1661
1662
1664
1666
1667
1670
1672
1677
1678
1680
1681
1682
1683
1684
1685
1686
1687
1688
1689
1690
1691
1692
1693
1696
1697
1698
1699
1700
1701
1702
1703
1705
1707
1709
1714
1715
1718
1719
1723
1726
1727
1729
1733
1734
1735
1737
1742
1743
1744
1747
1748
1749
1753
1754
1755
1756
1758
1759
1761
1764
1766
1767
1768
1769
1770
1771
1775
1777
1778
1780
1781
1784
1789
1791
1792
1794
1795
1796
1797
1799
1800
1801
1803
1805
1807
1809
1810
1811
1812
1814
1816
1819
1821
1823
1825
1827
1828
1829
1833
1835
1837
1839
1841
1842
1844
1846
1847
1848
1851
1852
1853
1854
1855
1858
1859
1861
1862
1863
1864
1865
1866
1868
1869
1870
1872
1875
1879
1880
1881
1882
1887
1889
1891
1892
1893
1894
1895
1896
1897
1898
1900
1901
1907
1908
1909
1911
1913
1915
1916
1918
1919
1922
1924
1927
1928
1931
1933
1934
1936
1937
1939
1942
1945
1946
1947
1951
1955
1956
1959
1960
1961
1963
1964
1965
1967
1968
1969
1970
1971
1972
1975
1976
1977
1978
1979
1980
1981
1982
1983
1984
1987
1988
1989
1990
1992
1993
1994
1995
1996
2000
2002
2003
2004
2005
2006
2007
2008
2009
2010
2016
2017
2021
2022
2023
2025
2027
2031
2033
2034
2036
2037
2039
2040
2042
2043
2044
2046
2051
2053
2054
2055
2056
2057
2059
2060
2061
2063
2069
2073
2074
2078
2079
2082
2083
2084
2086
2089
2090
2091
2092
2093
2096
2098
2099
2101
2105
2107
2108
2110
2112
2115
2118
2119
2120
2121
2124
2125
2126
2127
2130
2131
2132
2134
2135
2136
2137
2140
2141
2142
2143
2148
2151
2154
2155
2156
2157
2158
2161
2162
2163
2166
2167
2169
2170
2171
2172
2174
2175
2177
2183
2187
2188
2189
2190
2195
2196
2197
2199
2202
2203
2205
2208
2210
2211
2223
2224
2226
2228
2230
2233
2234
2236
2237
2239
2240
2244
2248
2249
2250
2252
2253
2257
2260
2262
2263
2267
2268
2271
2275
2276
2277
2278
2279
2280
2282
2286
2289
2290
2292
2295
2296
2297
2300
2302
2306
2308
2312
2314
2316
2317
2318
2321
2323
2324
2325
2328
2330
2333
2338
2339
2340
2341
2342
2343
2344
2345
2347
2348
2353
2354
2358
2359
2360
2362
2366
2367
2368
2371
2372
2373
2376
2378
2379
2380
2382
2384
2385
2388
2389
2394
2396
2397
2400
2402
2405
2408
2409
2411
2412
2413
2415
2417
2419
2422
2426
2430
2431
2432
2434
2436
2439
2440
2442
2443
2446
2447
2448
2449
2450
2451
2453
2456
2461
2463
2466
2467
2469
2471
2472
2476
2478
2480
2486
2488
2489
2494
2498
2500
2501
2503
2504
2506
2510
2511
2512
2513
2514
2515
2517
2519
2520
2521
2522
2523
2525
2526
2527
2529
2532
2534
2535
2537
2541
2542
2543
2544
2545
2547
2549
2551
2553
2554
2555
2558
2561
2565
2566
2568
2569
2571
2572
2573
2576
2578
2580
2582
2584
2585
2588
2589
2590
2593
2596
2598
2599
2602
2603
2604
2607
2608
2609
2611
2613
2614
2617
2618
2619
2620
2621
2623
2624
2626
2627
2628
2629
2630
2631
2632
2634
2635
2636
2640
2641
2644
2645
2646
2647
2648
2649
2653
2656
2658
2659
2662
2663
2665
2668
2669
2671
2673
2674
2676
2679
2680
2681
2682
2683
2685
2691
2692
2693
2694
2695
2696
2698
2699
2705
2708
2710
2712
2713
2715
2716
2719
2722
2723
2724
2725
2726
2727
2728
2729
2730
2731
2738
2740
2742
2746
2747
2748
2751
2753
2754
2757
2758
2761
2763
2764
2768
2769
2770
2771
2772
2774
2776
2779
2780
2781
2783
2787
2789
2791
2792
2793
2794
2796
2803
2806
2807
2808
2811
2812
2813
2820
2821
2824
2825
2826
2827
2828
2829
2833
2837
2838
2839
2840
2844
2845
2847
2848
2850
2852
2854
2856
2858
2862
2864
2865
2866
2867
2869
2870
2872
2875
2876
2877
2878
2879
2880
2883
2887
2889
2890
2892
2893
2895
2896
2899
2900
2902
2903
2904
2907
2908
2914
2915
2917
2919
2920
2921
2925
2926
2927
2928
2929
2931
2936
2937
2939
2940
2941
2942
2943
2946
2950
2952
2953
2955
2957
2958
2959
2960
2961
2962
2963
2964
2966
2967
2969
2974
2975
2978
2980
2981
2982
2985
2986
2987
2988
2990
2993
2994
2996
2997
2998
3001
3002
3003
3004
3005
3007
3008
3009
3010
3012
3013
3015
3016
3017
3018
3020
3021
3023
3024
3025
3029
3030
3032
3034
3036
3037
3039
3040
3041
3042
3044
3045
3046
3047
3048
3050
3053
3056
3057
3059
3061
3062
3063
3064
3068
3069
3070
3071
3072
3075
3076
3077
3078
3079
3080
3082
3083
3086
3087
3088
3091
3093
3094
3095
3098
3099
3101
3102
3103
3105
3106
3107
3108
3111
3112
3113
3114
3115
3116
3117
3120
3122
3123
3125
3126
3128
3129
3130
3133
3134
3138
3139
3140
3141
3144
3145
3146
3147
3148
3152
3154
3156
3157
3158
3159
3160
3161
3164
3167
3168
3169
3170
3171
3172
3174
3175
3176
3177
3182
3189
3190
3192
3194
3198
3200
3202
3206
3211
3213
3214
3215
3217
3218
3221
3224
3225
3230
3234
3235
3236
3238
3239
3240
3242
3245
3246
3249
3250
3253
3256
3257
3258
3261
3263
3266
3267
3268
3269
3270
3275
3276
3278
3280
3281
3284
3285
3287
3289
3291
3293
3294
3296
3297
3298
3302
3303
3304
3305
3306
3308
3311
3313
3314
3315
3318
3320
3321
3322
3326
3327
3333
3335
3336
3338
3340
3341
3342
3343
3344
3345
3346
3347
3350
3353
3355
3356
3357
3359
3361
3363
3364
3365
3366
3369
3370
3372
3378
3382
3383
3385
3387
3390
3391
3392
3395
3397
3400
3401
3402
3404
3407
3410
3411
3412
3415
3416
3418
3421
3422
3423
3424
3425
3427
3428
3429
3431
3433
3434
3436
3437
3439
3440
3442
3443
3444
3446
3448
3449
3450
3453
3455
3456
3457
3459
3460
3462
3464
3467
3469
3471
3473
3474
3475
3479
3481
3483
3486
3488
3489
3491
3495
3498
3499
3500
3507
3508
3509
3510
3511
3512
3518
3524
3526
3528
3529
3531
3532
3535
3536
3537
3539
3543
3545
3547
3549
3550
3551
3552
3553
3555
3556
3557
3558
3561
3562
3563
3565
3567
3570
3572
3575
3576
3579
3580
3581
3583
3587
3589
3592
3593
3594
3596
3597
3600
3601
3602
3604
3606
3608
3610
3612
3613
3616
3617
3618
3619
3620
3622
3627
3629
3634
3635
3637
3638
3642
3643
3649
3650
3651
3652
3654
3659
3662
3665
3668
3670
3672
3673
3676
3678
3680
3681
3682
3683
3684
3686
3691
3692
3693
3694
3695
3696
3699
3700
3701
3702
3704
3706
3708
3709
3710
3711
3715
3716
3717
3719
3720
3722
3725
3728
3730
3731
3733
3738
3739
3740
3744
3745
3746
3747
3749
3750
3751
3755
3756
3757
3758
3760
3761
3764
3766
3767
3768
3769
3770
3771
3772
3779
3780
3781
3785
3789
3790
3791
3794
3795
3796
3800
3801
3802
3805
3807
3808
3814
3815
3816
3817
3821
3822
3823
3824
3828
3829
3832
3833
3834
3837
3839
3842
3845
3849
3850
3851
3853
3854
3855
3856
3857
3861
3863
3864
3866
3867
3868
3871
3872
3874
3878
3880
3881
3885
3887
3888
3889
3892
3894
3895
3897
3899
3900
3902
3903
3904
3906
3907
3908
3909
3910
3911
3913
3914
3915
3916
3919
3921
3927
3928
3931
3932
3935
3936
3937
3938
3941
3942
3943
3944
3946
3947
3949
3950
3951
3953
3955
3956
3959
3960
3961
3963
3964
3965
3966
3969
3973
3975
3976
3977
3979
3980
3981
3982
3983
3985
3986
3987
3988
3992
3994
3997
3998
3999
4000
4003
4006
4008
4011
4012
4014
4016
4017
4019
4021
4022
4023
4024
4025
4026
4028
4029
4030
4033
4036
4037
4039
4045
4047
4049
4050
4052
4054
4055
4061
4065
4067
4068
4070
4073
4074
4076
4077
4079
4080
4081
4082
4083
4085
4087
4089
4091
4092
4096
4097
4099
4100
4103
4105
4106
4107
4110
4111
4113
4114
4117
4118
4120
4122
4124
4126
4129
4130
4132
4135
4136
4137
4138
4139
4140
4142
4143
4144
4145
4146
4149
4150
4152
4153
4155
4156
4157
4158
4159
4162
4163
4164
4166
4167
4169
4171
4172
4173
4174
4176
4177
4178
4179
4181
4183
4184
4186
4187
4188
4189
4194
4196
4198
4201
4204
4205
4206
4207
4208
4209
4210
4211
4215
4216
4217
4219
4222
4225
4230
4231
4232
4238
4239
4241
4242
4244
4246
4248
4249
4250
4251
4252
4253
4255
4256
4257
4259
4263
4267
4269
4271
4273
4275
4277
4278
4279
4280
4283
4284
4285
4286
4287
4288
4293
4297
4299
4301
4302
4304
4306
4308
4310
4311
4316
4317
4319
4320
4321
4323
4325
4328
4329
4330
4335
4338
4339
4341
4343
4344
4345
4347
4350
4351
4355
4356
4359
4361
4364
4365
4374
4377
4378
4379
4380
4382
4383
4384
4385
4386
4388
4389
4391
4392
4393
4395
4396
4399
4400
4405
4410
4414
4417
4418
4420
4421
4422
4425
4428
4429
4432
4434
4435
4436
4438
4442
4443
4444
4445
4446
4447
4448
4449
4454
4455
4458
4460
4462
4463
4466
4467
4468
4469
4470
4473
4475
4476
4477
4478
4483
4486
4487
4490
4491
4493
4495
4496
4498
4500
4501
4504
4505
4506
4508
4510
4515
4518
4520
4521
4522
4523
4524
4528
4529
4532
4533
4535
4537
4538
4539
4542
4545
4546
4548
4549
4550
4551
4552
4557
4558
4559
4562
4563
4564
4568
4569
4570
4571
4575
4577
4579
4580
4581
4582
4583
4584
4585
4586
4590
4591
4592
4593
4594
4598
4600
4602
4603
4606
4607
4608
4609
4610
4611
4613
4614
4615
4616
4617
4618
4619
4620
4621
4623
4624
4625
4627
4628
4630
4631
4632
4633
4634
4635
4636
4637
4638
4640
4642
4643
4646
4649
4651
4652
4654
4656
4657
4659
4662
4664
4666
4669
4671
4673
4674
4676
4677
4682
4683
4684
4687
4689
4690
4691
4692
4693
4695
4698
4700
4701
4702
4703
4705
4706
4709
4710
4711
4713
4720
4723
4725
4727
4728
4733
4734
4736
4738
4739
4740
4741
4742
4744
4746
4748
4751
4752
4755
4756
4757
4758
4760
4761
4763
4765
4767
4768
4769
4770
4771
4772
4774
4775
4777
4779
4780
4781
4782
4783
4784
4786
4787
4790
4791
4798
4800
4801
4803
4804
4806
4812
4814
4816
4817
4818
4821
4822
4825
4827
4828
4830
4831
4833
4835
4836
4837
4838
4839
4842
4843
4844
4845
4848
4851
4852
4854
4856
4857
4858
4859
4861
4864
4865
4866
4867
4872
4873
4874
4876
4879
4881
4882
4883
4885
4886
4887
4888
4889
4890
4891
4893
4897
4899
4900
4905
4906
4907
4908
4910
4912
4913
4914
4916
4919
4921
4922
4923
4926
4927
4929
4931
4933
4934
4935
4936
4939
4942
4944
4945
4948
4949
4950
4958
4960
4963
4965
4971
4972
4973
4975
4977
4978
4980
4981
4983
4984
4987
4989
4991
4992
4993
4994
4995
4996
4997
4998
5000
5004
5005
5009
5013
5019
5021
5022
5023
5024
5025
5026
5027
5032
5033
5034
5035
5036
5039
5041
5044
5045
5046
5047
5049
5050
5053
5057
5058
5061
5064
5067
5068
5071
5073
5077
5078
5080
5081
5083
5084
5085
5086
5087
5090
5094
5095
5096
5097
5098
5102
5104
5105
5106
5107
5112
5114
5115
5116
5119
5120
5121
5123
5125
5126
5128
5129
5133
5138
5139
5143
5146
5147
5148
5149
5150
5151
5153
5154
5155
5156
5157
5159
5160
5161
5165
5169
5178
5185
5186
5187
5189
5190
5195
5196
5197
5199
5201
5202
5203
5204
5205
5206
5212
5215
5216
5218
5219
5224
5227
5228
5229
5230
5232
5234
5237
5238
5239
5240
5241
5246
5247
5248
5262
5264
5268
5269
5270
5272
5276
5280
5283
5284
5286
5287
5288
5289
5292
5293
5297
5300
5302
5306
5307
5308
5309
5310
5311
5313
5314
5316
5318
5320
5321
5322
5323
5324
5325
5326
5329
5331
5332
5335
5337
5338
5339
5342
5346
5348
5350
5352
5353
5354
5355
5356
5359
5360
5361
5363
5365
5366
5367
5368
5371
5374
5375
5379
5381
5382
5383
5387
5388
5389
5391
5392
5393
5394
5396
5398
5401
5403
5404
5409
5410
5411
5414
5417
5418
5420
5422
5424
5426
5427
5430
5431
5434
5439
5440
5442
5445
5446
5447
5449
5450
5451
5453
5455
5456
5458
5463
5465
5468
5469
5477
5478
5479
5481
5488
5489
5490
5492
5493
5494
5496
5498
5499
5500
5502
5503
5504
5505
5512
5515
5516
5519
5520
5521
5522
5525
5526
5527
5528
5529
5531
5537
5538
5539
5540
5541
5543
5544
5548
5550
5554
5555
5556
5557
5560
5562
5563
5564
5566
5568
5572
5578
5580
5582
5583
5584
5588
5589
5590
5592
5593
5594
5596
5598
5599
5602
5605
5607
5608
5609
5610
5611
5612
5614
5617
5618
5621
5622
5624
5628
5629
5630
5634
5638
5641
5642
5643
5645
5646
5650
5651
5653
5654
5655
5657
5661
5662
5663
5665
5666
5667
5668
5669
5670
5671
5672
5674
5675
5677
5678
5680
5681
5683
5684
5686
5688
5689
5690
5691
5692
5693
5694
5696
5698
5699
5704
5706
5707
5708
5711
5715
5717
5718
5720
5722
5725
5728
5729
5731
5732
5735
5737
5738
5743
5744
5746
5747
5755
5757
5758
5759
5760
5762
5764
5765
5770
5772
5773
5777
5778
5783
5784
5785
5786
5787
5789
5792
5793
5795
5796
5797
5799
5800
5802
5803
5804
5805
5808
5810
5812
5815
5816
5818
5824
5825
5827
5831
5837
5838
5840
5846
5848
5849
5852
5856
5857
5858
5860
5861
5863
5864
5866
5867
5869
5870
5873
5875
5876
5877
5878
5884
5887
5890
5893
5894
5895
5896
5897
5899
5901
5902
5903
5907
5908
5909
5910
5911
5912
5914
5915
5916
5919
5922
5923
5924
5925
5926
5927
5929
5934
5936
5937
5939
5940
5942
5945
5948
5949
5950
5951
5952
5953
5954
5956
5958
5959
5960
5961
5963
5965
5966
5967
5970
5975
5976
5977
5978
5979
5983
5985
5987
5988
5989
5991
5994
5995
5997
5998
5999
6000
6001
6002
6003
6004
6005
6008
6009
6010
6012
6015
6016
6017
6018
6019
6022
6023
6025
6026
6027
6029
6031
6033
6035
6036
6037
6038
6039
6041
6043
6044
6045
6047
6049
6050
6052
6054
6056
6057
6058
6059
6060
6061
6062
6063
6066
6068
6069
6071
6073
6074
6075
6076
6078
6079
6080
6081
6082
6083
6084
6085
6087
6088
6091
6092
6094
6097
6098
6100
6101
6104
6108
6109
6111
6112
6113
6114
6116
6117
6118
6119
6122
6123
6125
6128
6131
6133
6136
6137
6138
6141
6145
6152
6153
6154
6156
6158
6159
6160
6161
6162
6164
6166
6167
6169
6170
6173
6174
6176
6177
6180
6183
6186
6187
6188
6190
6196
6197
6199
6200
6201
6202
6203
6204
6206
6207
6208
6209
6212
6214
6215
6216
6217
6218
6220
6221
6224
6225
6226
6228
6230
6231
6233
6234
6237
6238
6239
6241
6242
6243
6245
6246
6249
6251
6254
6255
6256
6257
6258
6259
6261
6264
6265
6266
6268
6270
6271
6273
6274
6275
6276
6278
6279
6280
6283
6284
6285
6288
6290
6291
6292
6293
6294
6296
6297
6299
6300
6301
6302
6303
6305
6306
6307
6308
6312
6314
6316
6317
6319
6320
6322
6323
6324
6326
6328
6331
6333
6334
6335
6338
6339
6341
6343
6346
6347
6352
6356
6357
6360
6361
6362
6363
6364
6366
6368
6369
6370
6371
6372
6375
6376
6377
6378
6379
6380
6381
6383
6384
6387
6388
6389
6390
6391
6392
6393
6394
6396
6397
6400
6402
6403
6405
6406
6407
6409
6411
6412
6413
6414
6417
6419
6420
6422
6423
6425
6427
6428
6429
6432
6434
6435
6436
6438
6440
6441
6443
6444
6446
6449
6450
6452
6453
6454
6455
6456
6457
6458
6459
6460
6461
6462
6463
6464
6468
6469
6472
6475
6476
6480
6482
6484
6485
6487
6488
6490
6491
6492
6493
6495
6499
6502
6504
6505
6506
6507
6508
6510
6512
6513
6514
6516
6519
6523
6524
6525
6528
6529
6530
6531
6534
6536
6537
6538
6539
6540
6546
6547
6559
6560
6564
6565
6566
6568
6572
6573
6575
6576
6577
6579
6580
6581
6582
6583
6585
6587
6590
6591
6593
6594
6596
6597
6598
6600
6601
6603
6605
6607
6608
6612
6613
6615
6617
6618
6620
6621
6622
6623
6624
6625
6632
6633
6634
6635
6638
6639
6640
6641
6642
6644
6646
6647
6651
6654
6655
6658
6659
6660
6661
6663
6665
6667
6670
6671
6672
6673
6674
6676
6677
6679
6680
6682
6684
6688
6692
6693
6700
6701
6705
6707
6708
6709
6712
6713
6715
6716
6717
6719
6721
6724
6725
6726
6727
6731
6732
6733
6737
6739
6740
6742
6745
6751
6753
6757
6758
6759
6760
6761
6764
6768
6770
6771
6773
6776
6782
6783
6785
6787
6791
6794
6796
6797
6800
6801
6802
6804
6805
6807
6810
6811
6814
6816
6817
6818
6819
6820
6821
6823
6828
6830
6831
6832
6833
6834
6835
6836
6837
6838
6839
6840
6841
6842
6843
6844
6846
6847
6848
6851
6852
6853
6854
6859
6861
6862
6863
6864
6865
6866
6867
6868
6869
6874
6876
6877
6878
6879
6881
6882
6883
6884
6885
6886
6887
6888
6889
6891
6892
6893
6895
6898
6899
6900
6903
6907
6908
6909
6910
6911
6912
6918
6920
6921
6922
6926
6927
6928
6933
6934
6937
6938
6941
6942
6944
6947
6949
6950
6951
6957
6958
6959
6961
6962
6963
6964
6965
6967
6970
6972
6974
6976
6978
6979
6981
6982
6984
6986
6987
6988
6989
6990
6992
6993
6994
6995
6996
6998
6999
7002
7005
7006
7009
7010
7011
7012
7014
7015
7016
7018
7019
7020
7021
7023
7024
7026
7029
7031
7032
7035
7038
7041
7042
7043
7045
7046
7047
7049
7050
7051
7053
7055
7056
7058
7059
7060
7061
7062
7063
7064
7066
7067
7073
7074
7076
7077
7078
7079
7080
7083
7088
7093
7094
7095
7096
7099
7101
7104
7105
7107
7108
7109
7113
7114
7115
7119
7120
7121
7122
7123
7124
7125
7127
7129
7130
7131
7132
7133
7135
7136
7137
7139
7140
7142
7143
7144
7146
7147
7149
7152
7153
7154
7155
7156
7157
7158
7159
7161
7163
7164
7169
7172
7173
7174
7176
7177
7179
7180
7182
7183
7187
7188
7190
7191
7192
7193
7194
7195
7196
7197
7198
7199
7201
7204
7205
7206
7210
7212
7213
7214
7215
7217
7219
7220
7221
7222
7225
7226
7228
7231
7232
7233
7234
7241
7242
7244
7247
7248
7250
7253
7257
7259
7261
7262
7263
7264
7268
7269
7272
7273
7274
7275
7276
7277
7283
7284
7285
7288
7290
7293
7295
7296
7297
7298
7300
7304
7306
7307
7309
7311
7312
7314
7317
7318
7322
7323
7324
7327
7330
7331
7332
7337
7338
7339
7341
7344
7346
7347
7348
7349
7350
7351
7353
7355
7356
7359
7361
7362
7364
7366
7367
7370
7372
7373
7374
7377
7380
7382
7383
7384
7387
7390
7392
7396
7397
7400
7402
7410
7411
7412
7413
7414
7415
7418
7419
7420
7421
7422
7423
7424
7425
7427
7428
7429
7430
7431
7433
7434
7437
7439
7440
7441
7442
7444
7445
7447
7448
7451
7452
7455
7458
7459
7460
7465
7466
7467
7469
7472
7473
7474
7476
7477
7478
7480
7484
7486
7488
7489
7490
7492
7494
7497
7498
7499
7500
7504
7505
7506
7507
7513
7514
7516
7518
7519
7521
7522
7523
7525
7527
7529
7530
7531
7532
7533
7535
7536
7538
7540
7542
7543
7544
7545
7546
7547
7549
7551
7554
7556
7558
7559
7560
7563
7565
7566
7567
7568
7569
7570
7572
7573
7578
7581
7585
7586
7588
7591
7592
7593
7594
7595
7596
7598
7600
7603
7604
7606
7608
7611
7614
7615
7616
7618
7620
7621
7622
7624
7626
7628
7629
7635
7637
7638
7639
7644
7646
7647
7649
7650
7651
7655
7657
7658
7662
7663
7665
7667
7668
7675
7676
7681
7683
7684
7686
7688
7689
7691
7692
7693
7694
7699
7700
7701
7702
7703
7705
7707
7708
7711
7712
7714
7716
7718
7720
7721
7724
7725
7726
7731
7733
7734
7736
7737
7738
7741
7742
7744
7745
7747
7748
7749
7750
7751
7754
7755
7756
7757
7759
7760
7762
7764
7767
7768
7769
7770
7771
7779
7781
7782
7783
7785
7786
7787
7789
7790
7791
7792
7793
7794
7795
7797
7800
7801
7802
7803
7804
7805
7806
7807
7809
7813
7814
7815
7816
7817
7818
7823
7824
7825
7827
7829
7830
7834
7839
7841
7842
7844
7845
7846
7848
7849
7852
7853
7854
7856
7860
7861
7862
7863
7864
7866
7873
7876
7877
7879
7880
7883
7884
7887
7888
7889
7893
7894
7896
7898
7901
7902
7904
7906
7907
7908
7909
7910
7911
7913
7915
7917
7918
7919
7920
7921
7922
7924
7926
7928
7929
7932
7934
7935
7936
7938
7940
7941
7942
7946
7948
7949
7952
7953
7954
7957
7962
7963
7964
7965
7967
7969
7970
7973
7975
7976
7978
7979
7981
7982
7983
7984
7985
7987
7988
7990
7992
7996
7997
7999
8001
8002
8003
8004
8006
8009
8010
8011
8013
8015
8017
8020
8021
8022
8025
8026
8027
8032
8033
8034
8035
8038
8039
8040
8041
8042
8043
8045
8046
8049
8050
8051
8055
8056
8057
8058
8061
8062
8070
8072
8073
8074
8076
8077
8079
8080
8084
8087
8088
8089
8091
8093
8094
8099
8103
8104
8106
8107
8108
8110
8111
8112
8116
8117
8118
8120
8121
8122
8123
8126
8128
8129
8136
8139
8141
8142
8143
8144
8146
8147
8148
8149
8150
8154
8155
8156
8157
8159
8162
8163
8164
8165
8166
8168
8169
8173
8175
8176
8177
8179
8181
8185
8186
8190
8192
8193
8196
8200
8201
8202
8203
8204
8205
8208
8210
8211
8215
8216
8218
8220
8221
8222
8225
8226
8227
8229
8230
8231
8233
8234
8239
8240
8241
8242
8244
8245
8246
8247
8248
8251
8255
8256
8258
8259
8261
8265
8267
8270
8271
8274
8275
8277
8282
8283
8285
8286
8287
8288
8293
8294
8295
8296
8297
8302
8303
8306
8307
8308
8310
8311
8313
8314
8316
8318
8320
8322
8323
8324
8327
8330
8332
8335
8337
8338
8339
8341
8342
8343
8345
8346
8349
8351
8352
8353
8356
8359
8360
8361
8364
8366
8367
8368
8370
8373
8375
8376
8381
8382
8383
8385
8395
8397
8398
8399
8400
8402
8403
8407
8409
8411
8413
8415
8418
8422
8424
8427
8428
8430
8431
8432
8437
8438
8439
8443
8444
8445
8446
8448
8449
8450
8451
8454
8455
8456
8457
8461
8463
8464
8467
8468
8469
8470
8473
8475
8476
8477
8478
8479
8480
8481
8482
8483
8484
8486
8488
8489
8492
8493
8495
8498
8499
8500
8501
8505
8507
8508
8510
8511
8512
8514
8517
8518
8521
8522
8524
8525
8528
8529
8532
8533
8534
8538
8539
8541
8543
8545
8546
8547
8553
8554
8555
8556
8559
8560
8561
8562
8563
8566
8567
8568
8569
8570
8572
8576
8577
8578
8580
8583
8584
8586
8587
8588
8591
8593
8595
8597
8599
8600
8601
8602
8603
8606
8609
8610
8611
8614
8616
8618
8619
8620
8621
8623
8624
8628
8629
8630
8631
8632
8636
8638
8639
8641
8643
8645
8646
8647
8649
8650
8651
8653
8655
8657
8659
8660
8662
8663
8667
8668
8670
8672
8673
8674
8675
8676
8677
8678
8679
8680
8681
8682
8683
8685
8687
8689
8690
8691
8692
8693
8694
8696
8697
8701
8702
8703
8709
8710
8714
8716
8718
8722
8724
8725
8726
8729
8731
8734
8735
8736
8738
8740
8742
8744
8745
8746
8748
8750
8751
8752
8753
8754
8755
8759
8760
8761
8762
8763
8767
8768
8770
8772
8775
8776
8782
8784
8785
8786
8787
8788
8789
8790
8791
8793
8795
8796
8797
8798
8800
8802
8804
8805
8808
8809
8811
8813
8819
8820
8821
8822
8823
8826
8829
8830
8831
8834
8839
8841
8842
8843
8846
8847
8851
8852
8854
8857
8858
8859
8862
8864
8865
8868
8869
8871
8874
8875
8876
8877
8878
8880
8881
8882
8883
8884
8887
8888
8892
8894
8895
8902
8903
8904
8907
8909
8910
8911
8912
8913
8915
8916
8917
8919
8922
8923
8924
8932
8934
8937
8938
8941
8947
8949
8950
8952
8953
8954
8959
8960
8962
8966
8967
8968
8971
8972
8974
8975
8976
8978
8982
8985
8986
8987
8988
8991
8992
8993
8996
8999
9000
9002
9003
9004
9005
9006
9012
9014
9015
9016
9017
9019
9020
9025
9026
9027
9028
9029
9031
9032
9033
9036
9037
9038
9039
9040
9041
9046
9051
9055
9056
9057
9058
9062
9064
9065
9066
9067
9069
9072
9073
9074
9075
9076
9077
9078
9080
9083
9085
9086
9089
9091
9092
9093
9094
9095
9097
9100
9102
9103
9104
9105
9107
9112
9113
9114
9115
9123
9125
9129
9130
9131
9134
9135
9138
9139
9141
9145
9146
9149
9150
9151
9152
9155
9160
9162
9163
9164
9165
9167
9171
9172
9173
9174
9175
9176
9177
9178
9179
9180
9181
9182
9183
9186
9187
9189
9195
9197
9199
9204
9205
9210
9212
9213
9214
9215
9218
9220
9222
9225
9227
9228
9229
9232
9235
9236
9239
9242
9243
9246
9247
9248
9250
9251
9252
9253
9255
9256
9258
9262
9265
9266
9267
9268
9269
9270
9271
9274
9276
9277
9278
9279
9280
9282
9283
9284
9285
9286
9287
9288
9291
9294
9295
9296
9297
9298
9299
9300
9301
9302
9303
9306
9307
9308
9310
9314
9316
9317
9319
9322
9325
9328
9331
9332
9333
9334
9346
9347
9349
9351
9355
9357
9358
9360
9361
9363
9364
9368
9369
9370
9372
9376
9380
9386
9387
9392
9399
9401
9402
9404
9406
9408
9410
9412
9414
9415
9416
9418
9420
9423
9424
9427
9428
9432
9433
9434
9435
9436
9437
9438
9439
9440
9443
9447
9448
9449
9450
9451
9455
9456
9457
9461
9465
9466
9468
9469
9470
9474
9476
9479
9480
9481
9483
9484
9485
9486
9488
9491
9492
9496
9497
9499
9502
9505
9506
9510
9517
9521
9522
9525
9530
9531
9536
9539
9544
9545
9546
9548
9549
9550
9551
9553
9554
9555
9558
9559
9560
9561
9562
9564
9566
9568
9569
9570
9573
9574
9580
9582
9583
9584
9585
9586
9587
9588
9589
9590
9594
9596
9600
9601
9602
9603
9605
9606
9609
9610
9611
9612
9613
9614
9615
9616
9618
9619
9620
9622
9623
9624
9625
9627
9628
9631
9634
9636
9637
9643
9644
9645
9646
9648
9650
9651
9654
9658
9660
9661
9664
9665
9668
9670
9674
9678
9679
9684
9685
9687
9691
9692
9693
9694
9695
9696
9697
9698
9699
9705
9706
9708
9710
9711
9713
9716
9717
9718
9719
9720
9722
9725
9726
9727
9728
9731
9733
9735
9737
9738
9741
9742
9744
9745
9748
9749
9750
9752
9753
9755
9759
9765
9766
9768
9769
9770
9771
9773
9774
9776
9777
9779
9780
9784
9786
9787
9788
9789
9791
9792
9794
9796
9797
9798
9800
9801
9803
9805
9807
9810
9812
9815
9817
9819
9821
9822
9824
9825
9832
9833
9835
9838
9839
9840
9843
9844
9845
9847
9849
9850
9851
9852
9853
9854
9856
9858
9860
9862
9864
9868
9869
9870
9871
9872
9873
9875
9876
9879
9883
9884
9888
9889
9892
9893
9894
9895
9897
9901
9903
9905
9907
9908
9909
9911
9913
9914
9917
9918
9922
9928
9929
9930
9933
9934
9936
9941
9942
9943
9944
9946
9949
9952
9953
9954
9956
9957
9959
9963
9965
9969
9970
9972
9973
9975
9977
9978
9979
9984
9990
9993
9994
9997
9999
10003
10005
10006
10009
10010
10012
10017
10020
10021
10023
10025
10029
10032
10035
10037
10038
10039
10040
10042
10045
10046
10054
10056
10058
10064
10065
10071
10072
10073
10075
10076
10079
10080
10082
10084
10085
10086
10087
10088
10091
10092
10093
10094
10095
10097
10099
10102
10103
10107
10110
10111
10112
10114
10116
10117
10118
10120
10121
10122
10127
10128
10129
10134
10135
10137
10138
10139
10143
10144
10147
10152
10156
10157
10159
10160
10161
10162
10166
10171
10172
10175
10179
10181
10182
10183
10184
10187
10189
10191
10195
10197
10200
10201
10202
10203
10205
10206
10209
10210
10211
10212
10214
10216
10218
10221
10224
10226
10229
10230
10231
10233
10234
10235
10237
10239
10240
10242
10243
10244
10245
10247
10248
10249
10250
10251
10254
10255
10257
10258
10259
10260
10261
10262
10264
10267
10269
10274
10275
10276
10278
10282
10283
10284
10287
10288
10290
10291
10292
10294
10295
10296
10297
10298
10299
10300
10303
10307
10308
10314
10317
10318
10320
10322
10323
10324
10325
10326
10328
10329
10330
10331
10333
10335
10336
10340
10344
10345
10346
10350
10354
10355
10356
10359
10361
10366
10368
10372
10373
10374
10375
10377
10378
10379
10380
10382
10383
10385
10386
10388
10390
10395
10397
10398
10401
10403
10405
10407
10408
10409
10410
10411
10412
10413
10414
10415
10417
10418
10421
10422
10423
10425
10426
10434
10435
10436
10437
10440
10441
10442
10445
10447
10448
10449
10450
10453
10455
10458
10459
10463
10467
10469
10470
10475
10477
10479
10480
10483
10484
10485
10486
10488
10489
10490
10492
10495
10496
10497
10498
10501
10502
10504
10508
10509
10510
10511
10512
10513
10514
10517
10519
10522
10527
10528
10530
10532
10534
10535
10536
10538
10539
10541
10543
10545
10546
10547
10548
10549
10551
10552
10553
10554
10556
10557
10558
10559
10560
10561
10563
10565
10567
10569
10570
10571
10574
10576
10577
10581
10584
10585
10586
10589
10590
10595
10596
10598
10599
10600
10601
10603
10604
10607
10609
10610
10613
10617
10620
10621
10622
10623
10626
10628
10629
10630
10631
10634
10640
10642
10643
10644
10645
10646
10647
10649
10651
10653
10657
10658
10661
10663
10664
10665
10666
10669
10670
10672
10674
10675
10679
10680
10682
10683
10684
10686
10687
10689
10691
10692
10693
10698
10699
10703
10705
10706
10708
10709
10710
10712
10714
10715
10717
10718
10720
10722
10723
10726
10727
10729
10732
10735
10736
10737
10739
10741
10743
10744
10745
10746
10747
10752
10753
10755
10756
10759
10760
10761
10762
10763
10764
10769
10770
10772
10774
10775
10776
10777
10778
10779
10782
10784
10790
10791
10792
10793
10794
10795
10797
10801
10804
10805
10806
10807
10811
10812
10813
10816
10818
10819
10820
10823
10824
10827
10828
10831
10833
10835
10837
10839
10840
10841
10844
10845
10847
10851
10852
10853
10854
10855
10857
10858
10860
10862
10863
10864
10866
10867
10871
10872
10873
10874
10876
10879
10882
10883
10884
10885
10886
10890
10893
10895
10896
10899
10900
10901
10905
10906
10907
10908
10916
10917
10918
10921
10922
10925
10927
10929
10930
10931
10932
10934
10937
10938
10942
10945
10947
10948
10952
10953
10954
10955
10957
10962
10965
10966
10968
10969
10976
10977
10978
10980
10981
10983
10985
10986
10988
10991
10992
10996
10997
10998
10999
11003
11004
11007
11009
11010
11011
11012
11013
11014
11015
11016
11017
11019
11022
11023
11024
11028
11032
11033
11034
11036
11037
11040
11042
11044
11045
11050
11051
11053
11054
11056
11058
11063
11064
11067
11068
11070
11071
11072
11073
11075
11078
11079
11081
11082
11083
11084
11086
11089
11090
11092
11093
11095
11098
11099
11102
11104
11105
11107
11108
11109
11111
11112
11113
11114
11115
11117
11118
11126
11127
11130
11135
11139
11143
11144
11149
11150
11151
11152
11154
11155
11159
11161
11162
11165
11167
11168
11169
11170
11172
11174
11176
11179
11184
11185
11188
11189
11190
11191
11192
11194
11195
11202
11203
11208
11218
11221
11222
11223
11225
11226
11227
11229
11230
11232
11233
11234
11235
11236
11237
11240
11243
11244
11245
11246
11247
11248
11249
11252
11255
11256
11257
11259
11260
11261
11263
11266
11267
11270
11273
11277
11279
11280
11281
11282
11283
11285
11286
11287
11292
11293
11297
11298
11299
11300
11301
11302
11304
11307
11308
11309
11310
11311
11312
11314
11315
11316
11317
11318
11319
11323
11324
11329
11330
11331
11332
11334
11335
11336
11337
11338
11339
11342
11346
11348
11349
11350
11351
11357
11358
11359
11364
11366
11369
11372
11374
11377
11378
11379
11380
11382
11384
11387
11390
11391
11392
11393
11398
11400
11401
11403
11405
11407
11411
11412
11415
11416
11417
11418
11419
11420
11422
11424
11426
11427
11430
11432
11433
11434
11436
11438
11441
11442
11445
11449
11450
11451
11452
11454
11455
11456
11458
11460
11461
11462
11463
11464
11465
11466
11467
11468
11470
11472
11473
11474
11476
11477
11479
11480
11482
11483
11487
11488
11489
11490
11491
11494
11495
11498
11500
11501
11503
11507
11508
11509
11512
11517
11520
11521
11522
11523
11524
11525
11526
11527
11532
11533
11534
11537
11538
11541
11542
11543
11544
11545
11546
11548
11552
11554
11555
11556
11558
11560
11564
11565
11569
11570
11571
11573
11574
11575
11578
11579
11580
11582
11584
11585
11587
11589
11590
11591
11595
11597
11600
11601
11606
11608
11609
11612
11613
11615
11616
11618
11619
11620
11622
11624
11626
11627
11630
11633
11634
11635
11636
11640
11641
11642
11643
11645
11646
11648
11649
11663
11665
11666
11667
11668
11671
11674
11676
11677
11678
11680
11681
11686
11687
11688
11691
11693
11695
11696
11697
11699
11700
11707
11708
11709
11710
11712
11713
11719
11721
11722
11727
11729
11730
11731
11732
11733
11739
11740
11744
11745
11746
11748
11749
11751
11752
11756
11759
11762
11764
11766
11769
11772
11773
11775
11780
11781
11783
11785
11786
11789
11792
11793
11795
11796
11797
11800
11802
11803
11805
11806
11807
11808
11809
11810
11811
11812
11817
11821
11822
11825
11826
11827
11829
11832
11833
11834
11836
11837
11838
11840
11841
11845
11847
11853
11856
11857
11858
11860
11861
11863
11864
11865
11868
11869
11870
11871
11872
11874
11876
11883
11886
11888
11890
11895
11897
11898
11899
11901
11903
11904
11905
11908
11911
11912
11915
11916
11919
11922
11923
11925
11928
11929
11930
11931
11932
11933
11937
11938
11941
11944
11945
11946
11947
11948
11949
11950
11954
11955
11958
11959
11960
11962
11964
11965
11967
11971
11972
11974
11976
11977
11978
11981
11982
11983
11984
11985
11987
11988
11990
11993
11994
11996
11998
12000
12001
12003
12004
12005
12006
12007
12010
12013
12015
12021
12023
12024
12025
12026
12028
12031
12032
12037
12038
12039
12041
12042
12044
12045
12047
12049
12050
12051
12052
12053
12054
12057
12058
12060
12063
12064
12067
12070
12071
12072
12073
12074
12076
12078
12079
12082
12083
12087
12093
12094
12097
12098
12101
12103
12104
12105
12107
12109
12111
12113
12116
12117
12119
12120
12121
12122
12124
12127
12128
12129
12130
12132
12133
12134
12135
12136
12138
12139
12140
12144
12145
12153
12156
12157
12158
12160
12161
12163
12164
12165
12166
12167
12170
12171
12172
12173
12174
12175
12177
12179
12180
12184
12186
12187
12188
12192
12193
12194
12197
12200
12201
12203
12205
12207
12209
12210
12211
12213
12214
12217
12218
12219
12220
12221
12222
12224
12226
12227
12229
12232
12233
12234
12238
12239
12241
12242
12248
12250
12252
12253
12254
12255
12258
12260
12261
12264
12265
12268
12272
12273
12275
12276
12278
12279
12280
12281
12282
12283
12284
12285
12287
12288
12289
12290
12291
12293
12294
12296
12297
12298
12301
12303
12305
12306
12308
12311
12312
12313
12315
12316
12317
12318
12320
12321
12322
12323
12324
12325
12330
12332
12333
12334
12335
12338
12339
12340
12344
12345
12346
12349
12352
12354
12356
12357
12360
12361
12362
12363
12364
12368
12369
12371
12372
12374
12376
12378
12380
12383
12385
12386
12388
12390
12391
12392
12393
12394
12395
12396
12398
12401
12403
12405
12407
12408
12410
12411
12412
12413
12414
12415
12416
12417
12419
12420
12423
12424
12427
12428
12430
12434
12435
12436
12437
12438
12439
12440
12441
12444
12445
12448
12450
12451
12453
12454
12455
12456
12457
12458
12459
12463
12465
12469
12470
12473
12474
12475
12477
12478
12479
12480
12481
12482
12483
12484
12485
12486
12487
12490
12491
12492
12494
12495
12499
12501
12503
12506
12509
12510
12511
12512
12514
12515
12516
12517
12519
12520
12525
12526
12527
12529
12532
12534
12536
12537
12538
12539
12540
12542
12544
12545
12546
12550
12552
12554
12556
12557
12558
12559
12563
12564
12566
12567
12568
12570
12571
12572
12573
12576
12577
12578
12580
12581
12582
12584
12585
12587
12588
12589
12590
12592
12593
12595
12596
12598
12600
12601
12602
12603
12604
12605
12607
12609
12612
12613
12614
12617
12618
12619
12622
12625
12626
12627
12631
12633
12634
12639
12641
12643
12645
12646
12648
12649
12651
12652
12653
12654
12655
12656
12657
12659
12660
12661
12662
12663
12670
12671
12672
12677
12678
12679
12681
12682
12688
12690
12691
12692
12693
12694
12696
12698
12699
12700
12702
12705
12706
12708
12712
12713
12714
12716
12717
12720
12721
12722
12727
12729
12732
12733
12734
12735
12736
12737
12739
12740
12742
12743
12745
12746
12748
12752
12755
12756
12757
12758
12759
12761
12763
12766
12767
12769
12771
12774
12775
12776
12777
12779
12780
12783
12784
12785
12786
12787
12788
12789
12793
12794
12795
12796
12797
12798
12799
12803
12804
12808
12813
12816
12818
12819
12820
12821
12825
12827
12828
12834
12835
12836
12838
12840
12841
12842
12844
12846
12847
12852
12853
12854
12855
12856
12858
12859
12864
12867
12869
12872
12873
12874
12875
12878
12879
12880
12881
12882
12883
12884
12885
12888
12890
12891
12893
12894
12895
12896
12901
12905
12908
12909
12910
12913
12915
12921
12922
12923
12924
12926
12928
12930
12931
12936
12940
12941
12943
12944
12945
12946
12948
12949
12950
12953
12958
12962
12964
12965
12967
12968
12969
12970
12973
12975
12977
12978
12979
12981
12983
12985
12986
12987
12988
12990
12991
12992
12997
12998
13000
13001
13004
13005
13007
13008
13010
13011
13014
13017
13018
13020
13023
13024
13026
13027
13028
13031
13032
13034
13035
13037
13044
13045
13046
13047
13048
13049
13050
13051
13052
13054
13056
13057
13061
13062
13063
13064
13065
13066
13067
13068
13070
13071
13072
13074
13075
13076
13077
13078
13079
13081
13082
13087
13089
13090
13091
13092
13093
13094
13095
13098
13099
13100
13101
13102
13103
13104
13105
13106
13107
13108
13110
13111
13113
13114
13116
13117
13119
13121
13122
13123
13124
13125
13126
13129
13132
13133
13134
13135
13136
13137
13139
13140
13141
13143
13145
13147
13148
13149
13150
13152
13154
13155
13157
13158
13159
13162
13163
13165
13168
13169
13171
13173
13174
13181
13186
13188
13189
13190
13192
13193
13194
13195
13196
13198
13199
13200
13201
13202
13203
13204
13205
13206
13207
13210
13211
13212
13215
13216
13217
13218
13219
13220
13224
13228
13234
13235
13236
13242
13244
13245
13247
13248
13249
13252
13256
13258
13259
13260
13263
13264
13265
13266
13267
13268
13269
13270
13271
13274
13275
13279
13283
13287
13288
13290
13293
13294
13296
13297
13298
13300
13302
13304
13305
13306
13308
13312
13313
13315
13317
13318
13323
13324
13328
13329
13331
13332
13333
13334
13339
13340
13342
13343
13344
13346
13349
13350
13351
13353
13357
13359
13360
13362
13363
13364
13366
13369
13374
13375
13376
13382
13383
13386
13387
13388
13391
13394
13395
13397
13398
13400
13402
13403
13404
13407
13408
13409
13411
13413
13416
13417
13419
13421
13422
13424
13425
13426
13427
13429
13433
13434
13435
13436
13437
13438
13439
13440
13441
13443
13446
13448
13453
13458
13461
13463
13465
13467
13469
13470
13471
13474
13476
13477
13478
13479
13480
13486
13488
13493
13494
13495
13496
13498
13501
13503
13504
13514
13518
13522
13523
13524
13526
13527
13531
13532
13533
13534
13535
13536
13537
13539
13541
13543
13546
13550
13551
13552
13553
13554
13561
13562
13563
13564
13565
13566
13568
13569
13570
13572
13576
13577
13578
13580
13581
13583
13586
13587
13588
13589
13595
13596
13597
13598
13599
13601
13602
13604
13607
13609
13610
13613
13614
13617
13618
13619
13620
13622
13624
13625
13631
13632
13633
13635
13637
13638
13639
13640
13644
13646
13648
13649
13653
13658
13659
13660
13661
13664
13665
13667
13668
13669
13670
13671
13674
13676
13678
13679
13682
13683
13685
13686
13687
13688
13690
13692
13699
13700
13703
13704
13705
13710
13712
13713
13716
13720
13722
13724
13725
13726
13727
13728
13731
13733
13736
13738
13739
13741
13742
13743
13744
13745
13748
13750
13752
13755
13756
13757
13758
13760
13761
13762
13763
13764
13766
13767
13769
13770
13772
13773
13776
13777
13783
13785
13790
13792
13793
13796
13797
13798
13800
13801
13802
13803
13808
13809
13810
13811
13812
13815
13816
13817
13818
13820
13823
13824
13825
13833
13834
13836
13839
13840
13842
13844
13845
13846
13847
13848
13850
13854
13855
13856
13861
13864
13865
13866
13867
13868
13870
13873
13879
13880
13885
13887
13889
13891
13892
13894
13895
13896
13897
13901
13902
13904
13906
13908
13909
13910
13911
13912
13913
13917
13918
13919
13920
13922
13927
13928
13931
13933
13935
13936
13937
13944
13946
13950
13951
13963
13965
13966
13971
13973
13975
13977
13978
13979
13981
13982
13983
13984
13986
13987
13988
13990
13992
13994
13995
13996
14000
14001
14002
14003
14007
14008
14009
14010
14013
14014
14015
14017
14019
14022
14023
14024
14025
14026
14027
14029
14030
14031
14032
14034
14035
14036
14037
14038
14039
14040
14042
14044
14045
14047
14048
14050
14051
14053
14055
14056
14059
14060
14061
14062
14063
14064
14066
14067
14069
14070
14071
14073
14077
14080
14081
14082
14083
14084
14085
14087
14088
14089
14091
14096
14098
14100
14101
14104
14108
14111
14114
14115
14116
14117
14118
14122
14124
14125
14126
14128
14129
14130
14133
14134
14135
14136
14138
14139
14141
14142
14144
14145
14148
14149
14150
14151
14157
14158
14160
14161
14163
14166
14168
14170
14171
14172
14173
14178
14182
14185
14186
14187
14188
14189
14191
14192
14193
14194
14195
14196
14198
14200
14201
14205
14206
14207
14210
14212
14213
14215
14218
14219
14220
14222
14223
14225
14228
14229
14233
14235
14237
14239
14241
14242
14244
14245
14247
14248
14249
14251
14255
14256
14259
14262
14263
14268
14270
14272
14273
14274
14275
14276
14278
14279
14280
14281
14283
14285
14286
14290
14292
14294
14295
14298
14303
14306
14308
14310
14311
14312
14314
14316
14317
14319
14322
14325
14330
14331
14333
14334
14335
14342
14343
14344
14346
14348
14350
14351
14353
14354
14358
14359
14361
14362
14365
14367
14368
14369
14370
14371
14374
14377
14379
14380
14381
14382
14386
14387
14389
14390
14392
14393
14397
14398
14399
14402
14403
14408
14409
14413
14414
14415
14416
14418
14419
14420
14423
14427
14428
14429
14430
14431
14434
14435
14436
14439
14440
14441
14445
14447
14450
14451
14452
14453
14456
14457
14460
14461
14465
14467
14468
14469
14470
14472
14474
14475
14476
14478
14479
14480
14481
14482
14483
14484
14487
14490
14492
14494
14495
14496
14497
14500
14501
14502
14503
14504
14505
14506
14508
14509
14512
14514
14516
14517
14519
14520
14521
14522
14525
14526
14527
14529
14530
14532
14533
14534
14535
14536
14537
14540
14541
14543
14547
14548
14551
14552
14554
14555
14557
14558
14562
14563
14564
14566
14568
14569
14570
14571
14573
14575
14576
14577
14578
14579
14581
14582
14583
14584
14586
14587
14588
14589
14592
14595
14600
14601
14602
14604
14605
14606
14607
14610
14613
14615
14617
14618
14619
14623
14624
14625
14626
14627
14628
14631
14632
14633
14634
14636
14641
14642
14643
14644
14645
14646
14647
14651
14652
14653
14655
14656
14657
14658
14660
14661
14663
14665
14666
14667
14668
14669
14671
14677
14678
14681
14683
14684
14686
14688
14691
14692
14693
14694
14696
14697
14698
14699
14700
14703
14705
14708
14710
14711
14713
14714
14716
14717
14719
14720
14721
14722
14723
14726
14727
14728
14729
14730
14731
14736
14737
14743
14744
14748
14752
14753
14755
14757
14760
14761
14762
14766
14768
14769
14770
14773
14776
14781
14787
14788
14789
14792
14795
14796
14798
14799
14800
14801
14802
14803
14804
14808
14809
14810
14811
14812
14814
14816
14817
14819
14820
14823
14826
14827
14829
14831
14834
14838
14845
14851
14853
14854
14856
14858
14862
14863
14864
14865
14866
14868
14869
14872
14873
14874
14875
14879
14883
14885
14886
14888
14891
14893
14894
14897
14899
14902
14904
14905
14906
14907
14908
14909
14910
14911
14913
14915
14917
14918
14919
14921
14922
14923
14924
14926
14927
14929
14930
14933
14936
14938
14939
14941
14944
14947
14948
14949
14951
14955
14958
14960
14962
14965
14966
14967
14971
14978
14979
14982
14983
14984
14985
14994
14995
14996
14997
14999
15001
15007
15010
15011
15019
15020
15021
15025
15030
15031
15034
15035
15036
15037
15038
15040
15043
15051
15054
15055
15057
15058
15062
15063
15066
15070
15073
15077
15080
15081
15082
15084
15085
15086
15087
15088
15091
15094
15095
15096
15097
15099
15100
15101
15102
15103
15105
15106
15107
15108
15109
15110
15111
15112
15115
15117
15119
15120
15121
15122
15124
15125
15129
15132
15134
15136
15137
15138
15139
15140
15142
15144
15147
15148
15149
15151
15153
15154
15155
15159
15160
15161
15162
15164
15165
15168
15170
15173
15174
15175
15176
15177
15179
15182
15183
15185
15186
15187
15188
15190
15197
15198
15199
15200
15201
15202
15203
15207
15208
15211
15212
15214
15216
15218
15219
15221
15222
15223
15224
15225
15227
15229
15230
15233
15234
15236
15237
15239
15240
15241
15242
15243
15245
15247
15248
15253
15254
15255
15259
15263
15264
15267
15268
15270
15271
15275
15277
15278
15281
15282
15283
15285
15286
15287
15289
15290
15291
15293
15294
15296
15298
15299
15300
15303
15304
15309
15310
15312
15313
15315
15317
15318
15319
15323
15327
15332
15333
15334
15336
15338
15339
15341
15343
15344
15345
15346
15350
15351
15352
15353
15354
15355
15356
15357
15358
15359
15360
15364
15365
15367
15369
15370
15371
15375
15376
15377
15378
15379
15381
15383
15384
15386
15388
15393
15394
15396
15399
15402
15403
15404
15410
15413
15414
15415
15416
15417
15418
15419
15420
15423
15424
15427
15428
15431
15434
15435
15439
15446
15447
15448
15450
15452
15453
15454
15460
15462
15463
15464
15466
15468
15470
15472
15474
15475
15477
15478
15484
15485
15486
15487
15489
15490
15491
15492
15495
15497
15501
15502
15503
15504
15506
15509
15510
15513
15517
15519
15520
15521
15526
15527
15528
15529
15533
15535
15536
15537
15538
15540
15542
15543
15544
15547
15548
15550
15552
15554
15556
15559
15560
15561
15562
15564
15565
15567
15569
15570
15575
15576
15578
15580
15581
15588
15589
15590
15592
15593
15594
15595
15597
15599
15601
15603
15604
15611
15612
15613
15615
15616
15618
15620
15625
15628
15630
15631
15633
15634
15636
15637
15639
15641
15644
15650
15652
15654
15656
15658
15659
15660
15664
15665
15667
15669
15670
15671
15673
15674
15675
15680
15681
15682
15684
15685
15688
15689
15690
15692
15696
15697
15698
15701
15702
15705
15706
15711
15712
15714
15720
15722
15724
15725
15729
15731
15733
15734
15736
15738
15739
15745
15753
15756
15759
15760
15761
15763
15769
15770
15771
15772
15774
15776
15777
15778
15781
15782
15783
15784
15785
15786
15787
15788
15789
15790
15793
15794
15795
15796
15797
15800
15801
15802
15807
15808
15811
15813
15814
15815
15816
15818
15820
15824
15825
15827
15829
15833
15836
15841
15843
15846
15848
15849
15850
15852
15854
15856
15857
15858
15859
15861
15865
15866
15869
15872
15875
15877
15878
15879
15881
15882
15883
15886
15888
15889
15890
15892
15898
15899
15901
15904
15905
15906
15907
15909
15910
15911
15912
15915
15917
15921
15922
15926
15927
15929
15933
15936
15938
15939
15940
15942
15943
15944
15945
15946
15948
15949
15950
15953
15956
15959
15960
15961
15963
15965
15966
15967
15968
15969
15972
15974
15975
15978
15979
15980
15982
15984
15985
15988
15989
15991
15992
15993
15995
15998
15999
16005
16009
16010
16014
16015
16016
16021
16022
16023
16027
16030
16031
16032
16033
16034
16035
16036
16037
16038
16039
16040
16041
16048
16049
16050
16052
16053
16055
16057
16059
16060
16061
16063
16068
16069
16070
16071
16072
16074
16075
16076
16077
16081
16082
16088
16093
16097
16098
16099
16100
16102
16103
16106
16112
16115
16117
16120
16122
16123
16125
16126
16128
16131
16132
16134
16135
16137
16138
16140
16141
16142
16146
16147
16148
16150
16152
16154
16155
16156
16160
16163
16164
16165
16166
16170
16171
16172
16173
16174
16177
16183
16184
16186
16190
16191
16193
16194
16196
16197
16198
16200
16201
16202
16206
16209
16210
16214
16218
16220
16222
16224
16227
16229
16233
16235
16236
16237
16240
16247
16251
16253
16261
16262
16263
16265
16267
16269
16272
16276
16278
16280
16283
16286
16287
16290
16291
16293
16294
16295
16296
16297
16300
16301
16302
16303
16306
16313
16316
16318
16321
16323
16324
16325
16326
16329
16330
16331
16332
16333
16335
16336
16340
16341
16343
16345
16346
16347
16348
16349
16350
16351
16352
16358
16361
16364
16365
16366
16371
16372
16374
16376
16378
16385
16389
16390
16395
16396
16398
16399
16401
16402
16403
16405
16409
16413
16418
16419
16420
16422
16427
16429
16430
16432
16433
16434
16436
16438
16439
16440
16441
16443
16444
16449
16450
16451
16452
16457
16459
16460
16461
16462
16465
16466
16467
16468
16469
16471
16473
16477
16479
16481
16482
16483
16486
16487
16488
16489
16491
16492
16494
16496
16497
16501
16502
16504
16507
16508
16512
16513
16514
16515
16521
16522
16524
16525
16526
16527
16529
16530
16532
16533
16534
16537
16540
16541
16546
16548
16549
16552
16554
16555
16561
16562
16563
16564
16566
16568
16570
16571
16573
16574
16578
16580
16581
16582
16587
16589
16590
16592
16597
16599
16601
16603
16605
16607
16608
16611
16612
16613
16615
16616
16617
16618
16621
16622
16623
16625
16626
16629
16630
16632
16633
16636
16641
16642
16646
16648
16649
16650
16651
16653
16657
16658
16659
16660
16661
16663
16664
16665
16666
16668
16670
16671
16675
16676
16678
16679
16680
16681
16682
16684
16685
16687
16692
16695
16696
16697
16701
16702
16703
16704
16707
16710
16711
16713
16716
16717
16718
16719
16720
16724
16726
16727
16729
16731
16732
16735
16737
16738
16739
16740
16741
16743
16744
16745
16746
16747
16748
16752
16756
16761
16762
16767
16772
16773
16774
16776
16778
16780
16783
16784
16786
16789
16790
16792
16793
16796
16798
16804
16806
16807
16808
16809
16812
16814
16815
16816
16817
16818
16824
16826
16827
16830
16833
16834
16835
16836
16837
16840
16841
16843
16844
16845
16847
16851
16852
16854
16855
16856
16857
16858
16859
16864
16865
16872
16876
16877
16878
16885
16886
16887
16889
16890
16893
16897
16900
16901
16902
16904
16905
16906
16907
16912
16913
16914
16917
16918
16919
16926
16932
16935
16936
16937
16941
16943
16944
16949
16950
16951
16953
16955
16956
16960
16961
16963
16966
16967
16968
16969
16970
16973
16974
16975
16978
16979
16980
16985
16986
16988
16989
16991
16993
16994
16995
16999
17000
17001
17002
17003
17004
17006
17007
17010
17011
17012
17013
17015
17016
17017
17018
17020
17022
17027
17028
17029
17031
17032
17034
17035
17036
17037
17040
17042
17044
17045
17047
17050
17051
17053
17054
17057
17058
17060
17065
17066
17067
17069
17071
17075
17077
17078
17080
17083
17084
17085
17087
17090
17091
17095
17096
17097
17099
17101
17102
17103
17105
17106
17108
17111
17112
17113
17117
17119
17123
17124
17127
17128
17129
17130
17134
17135
17136
17137
17139
17140
17141
17143
17146
17147
17149
17150
17151
17153
17154
17156
17159
17160
17161
17162
17163
17164
17165
17166
17167
17168
17171
17172
17174
17175
17176
17178
17179
17180
17182
17183
17185
17186
17188
17189
17190
17191
17192
17194
17195
17197
17198
17204
17206
17207
17208
17209
17213
17214
17215
17217
17219
17220
17221
17223
17224
17225
17226
17228
17230
17233
17234
17235
17236
17240
17244
17245
17247
17248
17249
17250
17251
17253
17254
17255
17256
17258
17259
17260
17261
17263
17266
17267
17269
17270
17272
17275
17276
17279
17282
17284
17286
17287
17289
17291
17292
17297
17299
17301
17302
17308
17309
17310
17313
17314
17316
17320
17323
17325
17326
17327
17330
17332
17335
17336
17339
17340
17343
17345
17346
17347
17349
17353
17356
17357
17359
17361
17366
17368
17372
17373
17374
17377
17380
17381
17383
17385
17387
17388
17392
17393
17395
17396
17399
17401
17402
17407
17408
17412
17413
17414
17415
17417
17418
17424
17425
17426
17427
17428
17431
17432
17434
17435
17438
17441
17443
17444
17446
17449
17450
17453
17457
17459
17460
17468
17469
17470
17471
17472
17473
17475
17477
17478
17479
17481
17482
17483
17486
17488
17494
17495
17496
17499
17500
17504
17506
17508
17509
17510
17511
17512
17513
17515
17516
17517
17520
17524
17525
17526
17527
17528
17530
17531
17532
17533
17534
17535
17538
17539
17540
17542
17543
17544
17546
17548
17550
17551
17559
17560
17562
17563
17567
17570
17573
17574
17576
17577
17581
17584
17590
17592
17593
17597
17598
17600
17601
17602
17606
17607
17609
17612
17614
17615
17617
17618
17620
17621
17622
17624
17625
17626
17627
17631
17633
17634
17636
17638
17641
17642
17645
17646
17647
17654
17656
17659
17660
17662
17663
17664
17666
17669
17671
17672
17674
17675
17676
17677
17680
17682
17683
17685
17686
17687
17692
17693
17695
17697
17698
17699
17700
17701
17705
17706
17707
17708
17710
17711
17718
17719
17724
17729
17733
17734
17738
17739
17740
17741
17744
17745
17746
17749
17750
17751
17752
17753
17755
17756
17760
17761
17763
17764
17766
17767
17768
17769
17770
17772
17774
17777
17781
17782
17784
17785
17788
17789
17790
17791
17792
17793
17796
17798
17802
17803
17804
17806
17807
17808
17811
17812
17814
17815
17816
17819
17821
17823
17826
17827
17829
17833
17835
17836
17838
17841
17842
17845
17847
17850
17852
17853
17854
17856
17859
17860
17862
17865
17866
17867
17876
17880
17881
17882
17883
17887
17888
17889
17896
17897
17898
17899
17900
17901
17902
17903
17905
17906
17907
17909
17910
17912
17913
17915
17916
17918
17919
17921
17922
17925
17926
17927
17928
17930
17931
17932
17935
17939
17940
17941
17942
17943
17949
17951
17952
17953
17955
17957
17961
17963
17964
17968
17969
17971
17972
17974
17975
17976
17977
17978
17981
17982
17983
17987
17988
17990
17992
17995
17996
17997
17998
17999
18000
18002
18003
18005
18006
18013
18014
18015
18016
18017
18019
18020
18021
18024
18025
18026
18027
18028
18030
18031
18032
18033
18034
18035
18036
18038
18039
18040
18043
18044
18049
18051
18052
18054
18056
18057
18058
18059
18064
18065
18066
18069
18070
18071
18072
18074
18075
18078
18079
18080
18081
18082
18086
18087
18089
18090
18093
18094
18096
18097
18098
18100
18105
18106
18107
18108
18111
18114
18116
18117
18118
18119
18124
18126
18128
18130
18133
18136
18137
18141
18144
18145
18146
18147
18148
18152
18154
18155
18156
18158
18160
18161
18162
18168
18169
18172
18173
18180
18182
18185
18189
18190
18192
18193
18194
18198
18200
18203
18205
18208
18210
18211
18212
18214
18216
18221
18222
18225
18226
18228
18233
18234
18237
18239
18240
18241
18243
18244
18246
18252
18255
18256
18257
18259
18261
18262
18266
18268
18269
18270
18271
18273
18274
18275
18276
18279
18280
18281
18282
18284
18286
18287
18288
18290
18291
18293
18294
18296
18299
18303
18306
18308
18309
18310
18311
18312
18313
18315
18316
18317
18318
18319
18320
18321
18322
18324
18325
18326
18327
18329
18330
18331
18332
18333
18334
18337
18338
18339
18343
18344
18346
18347
18350
18351
18353
18356
18357
18361
18362
18364
18371
18373
18377
18378
18381
18382
18383
18384
18385
18389
18392
18393
18395
18396
18397
18399
18401
18404
18411
18412
18413
18415
18416
18417
18419
18420
18421
18423
18424
18426
18427
18428
18430
18431
18433
18434
18435
18437
18438
18439
18443
18444
18445
18447
18449
18450
18451
18452
18453
18454
18456
18457
18458
18460
18461
18463
18464
18465
18469
18473
18478
18480
18483
18484
18486
18487
18488
18489
18490
18491
18492
18494
18497
18500
18501
18502
18504
18507
18508
18509
18510
18511
18512
18516
18518
18521
18526
18527
18529
18531
18532
18533
18534
18536
18538
18539
18540
18543
18544
18547
18549
18550
18553
18556
18557
18558
18559
18560
18561
18562
18564
18565
18567
18569
18570
18572
18574
18575
18576
18577
18580
18581
18582
18583
18588
18589
18591
18592
18593
18596
18597
18598
18600
18603
18604
18611
18616
18617
18625
18628
18631
18632
18633
18634
18636
18637
18639
18641
18643
18644
18646
18647
18648
18650
18652
18654
18656
18657
18661
18662
18666
18667
18668
18671
18672
18673
18675
18676
18677
18685
18687
18691
18692
18693
18694
18696
18698
18701
18703
18704
18706
18707
18709
18710
18711
18714
18715
18716
18718
18720
18724
18727
18728
18729
18731
18732
18733
18734
18735
18736
18738
18743
18746
18747
18748
18749
18750
18752
18753
18754
18755
18758
18760
18761
18764
18767
18768
18769
18770
18771
18775
18776
18780
18782
18783
18785
18786
18788
18792
18793
18794
18795
18796
18800
18801
18802
18803
18805
18807
18809
18811
18812
18814
18815
18816
18817
18822
18824
18825
18829
18830
18832
18835
18836
18837
18838
18839
18843
18844
18845
18846
18847
18848
18851
18852
18853
18854
18855
18860
18863
18864
18866
18867
18868
18870
18871
18872
18876
18877
18878
18879
18880
18882
18883
18885
18888
18890
18893
18897
18901
18902
18903
18904
18905
18906
18909
18913
18923
18925
18926
18927
18928
18929
18930
18932
18935
18936
18937
18938
18939
18941
18942
18943
18944
18946
18947
18948
18950
18954
18957
18959
18961
18963
18964
18965
18966
18968
18970
18971
18972
18973
18974
18975
18976
18978
18979
18980
18982
18983
18984
18985
18988
18989
18993
18994
18995
18997
18998
18999
19002
19003
19004
19010
19012
19013
19018
19020
19021
19022
19025
19026
19027
19030
19032
19033
19034
19037
19039
19043
19047
19049
19052
19053
19057
19060
19061
19063
19064
19067
19069
19070
19071
19073
19075
19077
19078
19083
19084
19085
19088
19093
19094
19096
19098
19099
19101
19103
19104
19105
19107
19110
19111
19112
19113
19114
19119
19120
19122
19125
19126
19127
19128
19129
19133
19137
19138
19140
19142
19143
19149
19150
19157
19158
19159
19160
19164
19165
19166
19168
19170
19171
19172
19174
19175
19179
19180
19181
19182
19184
19185
19188
19190
19198
19199
19200
19202
19203
19204
19205
19206
19209
19211
19212
19213
19214
19215
19219
19221
19222
19223
19224
19225
19226
19227
19231
19232
19233
19234
19236
19237
19238
19239
19240
19241
19243
19249
19250
19251
19254
19255
19257
19259
19261
19262
19263
19264
19265
19266
19267
19268
19270
19271
19275
19276
19277
19278
19279
19280
19281
19284
19285
19287
19288
19292
19297
19300
19301
19302
19303
19304
19305
19309
19310
19311
19313
19314
19316
19318
19320
19321
19322
19323
19324
19325
19327
19328
19330
19331
19332
19334
19337
19338
19340
19343
19344
19345
19346
19348
19349
19350
19351
19352
19354
19355
19356
19357
19358
19359
19361
19364
19365
19366
19367
19369
19370
19371
19372
19373
19374
19375
19376
19378
19379
19380
19383
19386
19389
19392
19393
19397
19398
19399
19400
19403
19405
19406
19410
19411
19414
19415
19417
19418
19419
19420
19422
19426
19431
19433
19436
19437
19438
19439
19440
19441
19443
19445
19447
19449
19450
19451
19452
19453
19454
19457
19459
19462
19463
19465
19466
19467
19468
19470
19472
19473
19474
19476
19481
19482
19485
19486
19487
19488
19490
19495
19498
19499
19502
19504
19506
19507
19508
19509
19510
19515
19519
19520
19521
19522
19523
19525
19527
19529
19530
19532
19535
19536
19539
19541
19542
19544
19545
19546
19549
19551
19554
19556
19557
19558
19560
19565
19566
19568
19570
19571
19573
19579
19581
19582
19583
19584
19585
19586
19589
19592
19593
19596
19597
19600
19602
19605
19607
19610
19611
19614
19615
19617
19618
19620
19621
19622
19623
19624
19626
19627
19628
19629
19630
19632
19633
19635
19639
19642
19644
19645
19646
19647
19648
19650
19652
19654
19655
19657
19659
19661
19663
19668
19669
19670
19671
19673
19675
19676
19677
19678
19679
19681
19682
19683
19684
19687
19688
19690
19692
19693
19695
19697
19698
19700
19702
19704
19705
19706
19707
19710
19716
19718
19719
19720
19721
19723
19726
19727
19728
19729
19731
19732
19733
19735
19737
19739
19741
19742
19744
19745
19746
19749
19751
19753
19754
19755
19756
19757
19758
19760
19761
19762
19768
19771
19774
19775
19776
19777
19778
19779
19780
19782
19788
19789
19790
19791
19792
19793
19795
19797
19799
19800
19801
19802
19803
19806
19807
19808
19810
19813
19814
19816
19819
19821
19825
19826
19828
19833
19835
19839
19842
19844
19847
19849
19850
19851
19853
19856
19860
19862
19864
19865
19867
19870
19871
19872
19875
19876
19877
19879
19880
19881
19882
19886
19887
19888
19889
19890
19893
19894
19895
19896
19898
19899
19900
19901
19905
19906
19908
19909
19910
19911
19912
19914
19915
19916
19918
19920
19921
19922
19924
19925
19927
19928
19931
19937
19939
19941
19942
19943
19944
19945
19947
19948
19950
19952
19954
19955
19956
19958
19959
19960
19961
19964
19965
19966
19967
19970
19971
19973
19974
19979
19981
19982
19983
19984
19985
19986
19987
19989
19991
19993
19994
19995
19998
19999
20001
20002
20005
20006
20007
20008
20009
20010
20012
20014
20015
20016
20017
20018
20019
20020
20021
20026
20027
20028
20031
20032
20034
20035
20039
20041
20042
20043
20044
20046
20049
20050
20051
20054
20055
20056
20061
20062
20063
20064
20065
20066
20067
20068
20070
20072
20075
20077
20078
20079
20080
20081
20086
20088
20090
20091
20092
20094
20095
20101
20106
20109
20110
20111
20112
20113
20114
20115
20117
20118
20122
20123
20124
20129
20130
20138
20141
20142
20143
20145
20146
20147
20148
20149
20152
20154
20155
20156
20157
20159
20163
20164
20166
20167
20169
20170
20173
20175
20176
20177
20178
20179
20180
20181
20185
20186
20187
20189
20190
20191
20193
20194
20195
20196
20197
20198
20202
20205
20206
20208
20209
20211
20215
20216
20219
20220
20221
20222
20225
20226
20227
20228
20229
20231
20232
20234
20235
20236
20237
20248
20249
20251
20253
20254
20255
20256
20257
20258
20259
20260
20262
20267
20269
20271
20274
20276
20281
20282
20283
20287
20288
20289
20290
20292
20294
20298
20299
20300
20303
20307
20308
20309
20311
20313
20316
20317
20318
20319
20321
20322
20323
20324
20325
20326
20327
20329
20330
20331
20332
20335
20336
20337
20338
20340
20341
20343
20344
20349
20350
20352
20354
20356
20357
20359
20360
20361
20363
20364
20367
20369
20370
20372
20374
20375
20376
20377
20378
20379
20380
20382
20383
20387
20388
20389
20390
20391
20393
20394
20397
20398
20399
20403
20405
20406
20408
20409
20410
20412
20413
20415
20416
20418
20421
20422
20423
20425
20426
20427
20431
20434
20438
20439
20440
20441
20442
20444
20445
20446
20449
20450
20455
20456
20458
20459
20460
20464
20466
20469
20471
20473
20474
20475
20479
20480
20485
20487
20489
20493
20495
20496
20498
20499
20501
20503
20504
20505
20507
20508
20509
20511
20514
20516
20518
20519
20521
20522
20525
20527
20529
20531
20534
20536
20538
20539
20543
20546
20547
20549
20553
20557
20558
20560
20566
20567
20570
20571
20573
20574
20575
20577
20580
20585
20588
20589
20590
20592
20593
20594
20595
20596
20597
20598
20599
20600
20601
20602
20603
20604
20605
20606
20608
20610
20611
20612
20613
20614
20615
20616
20617
20618
20619
20620
20621
20622
20624
20625
20628
20630
20631
20632
20636
20637
20639
20640
20641
20642
20644
20645
20646
20652
20654
20655
20656
20657
20661
20662
20664
20665
20667
20668
20673
20674
20676
20677
20679
20680
20683
20684
20686
20687
20689
20690
20692
20694
20695
20696
20698
20700
20701
20704
20706
20709
20711
20712
20714
20715
20718
20719
20721
20722
20723
20725
20726
20729
20730
20736
20741
20742
20743
20744
20747
20748
20750
20751
20752
20753
20756
20757
20759
20761
20764
20766
20770
20773
20775
20777
20779
20780
20781
20783
20784
20786
20787
20790
20791
20792
20795
20797
20799
20800
20802
20803
20805
20807
20809
20811
20812
20817
20818
20819
20820
20821
20822
20823
20824
20825
20828
20833
20836
20837
20840
20841
20843
20844
20846
20847
20850
20851
20852
20853
20854
20855
20856
20857
20859
20860
20863
20868
20870
20872
20874
20877
20878
20880
20881
20883
20885
20886
20887
20889
20890
20891
20893
20894
20896
20899
20900
20902
20906
20907
20908
20909
20910
20913
20914
20915
20916
20918
20919
20921
20923
20926
20927
20930
20931
20932
20934
20935
20936
20937
20938
20941
20942
20945
20946
20949
20951
20952
20953
20954
20955
20956
20958
20959
20960
20962
20963
20965
20968
20969
20970
20972
20975
20976
20977
20983
20984
20985
20986
20987
20988
20989
20990
20992
20993
20999
21000
21001
21004
21005
21006
21007
21011
21012
21013
21015
21017
21021
21022
21024
21026
21030
21033
21035
21037
21038
21039
21041
21042
21044
21045
21048
21054
21055
21057
21059
21061
21062
21063
21065
21066
21067
21070
21071
21076
21077
21079
21081
21082
21084
21085
21091
21092
21093
21094
21095
21096
21098
21099
21100
21101
21102
21103
21104
21105
21107
21108
21110
21112
21115
21117
21121
21124
21126
21127
21129
21131
21133
21134
21136
21138
21141
21143
21144
21145
21146
21147
21148
21151
21152
21153
21154
21155
21156
21157
21158
21160
21161
21162
21163
21173
21174
21176
21178
21181
21182
21188
21189
21193
21194
21195
21196
21198
21199
21200
21201
21202
21204
21205
21206
21207
21208
21214
21215
21216
21217
21219
21220
21222
21224
21225
21226
21227
21228
21229
21230
21232
21233
21236
21238
21240
21242
21243
21244
21245
21246
21248
21249
21252
21260
21261
21262
21263
21266
21267
21268
21270
21271
21272
21273
21275
21277
21278
21280
21281
21282
21285
21289
21290
21291
21292
21293
21294
21296
21297
21298
21299
21301
21302
21303
21304
21306
21308
21310
21314
21316
21319
21320
21323
21326
21327
21330
21333
21334
21339
21340
21341
21342
21345
21349
21350
21353
21354
21356
21357
21359
21360
21362
21363
21364
21365
21366
21367
21369
21370
21371
21372
21373
21374
21376
21377
21378
21379
21380
21384
21385
21387
21390
21392
21393
21394
21396
21397
21398
21399
21401
21403
21404
21405
21406
21407
21409
21413
21415
21416
21418
21420
21421
21422
21423
21424
21425
21428
21430
21431
21432
21434
21435
21439
21440
21442
21443
21444
21445
21446
21448
21449
21453
21455
21460
21461
21464
21466
21467
21468
21470
21471
21474
21477
21479
21482
21486
21487
21488
21490
21492
21493
21494
21495
21496
21497
21499
21500
21505
21506
21507
21508
21509
21511
21512
21513
21514
21515
21516
21517
21520
21521
21522
21526
21527
21528
21529
21531
21532
21533
21538
21539
21540
21545
21548
21550
21552
21553
21554
21555
21556
21557
21558
21559
21561
21563
21564
21565
21566
21567
21569
21574
21575
21576
21577
21581
21583
21584
21585
21586
21588
21592
21593
21594
21595
21597
21598
21602
21603
21606
21609
21610
21611
21612
21614
21617
21618
21619
21620
21622
21623
21625
21628
21634
21638
21639
21640
21641
21642
21650
21652
21653
21655
21656
21657
21662
21665
21666
21667
21669
21671
21672
21674
21675
21678
21680
21681
21682
21687
21689
21690
21691
21692
21693
21698
21699
21700
21703
21705
21706
21707
21708
21712
21713
21718
21720
21721
21722
21725
21727
21728
21729
21730
21732
21733
21735
21736
21737
21739
21741
21742
21744
21745
21746
21748
21749
21750
21751
21753
21754
21757
21763
21766
21767
21773
21775
21776
21778
21780
21781
21784
21785
21786
21788
21794
21798
21801
21803
21805
21807
21808
21809
21813
21815
21816
21819
21820
21821
21824
21825
21829
21831
21833
21834
21837
21839
21841
21842
21843
21844
21846
21847
21848
21849
21850
21851
21852
21853
21854
21855
21856
21857
21858
21862
21864
21867
21868
21869
21870
21872
21875
21876
21878
21880
21881
21882
21885
21886
21887
21889
21892
21893
21894
21895
21897
21899
21900
21901
21906
21907
21910
21911
21912
21914
21915
21917
21918
21922
21924
21928
21929
21930
21932
21933
21934
21937
21938
21940
21943
21945
21946
21949
21954
21956
21957
21959
21960
21961
21962
21963
21964
21966
21969
21970
21971
21972
21975
21976
21977
21978
21982
21983
21984
21985
21986
21989
21990
21991
21993
21995
21999
22001
22002
22003
22004
22005
22008
22010
22011
22012
22014
22016
22017
22021
22022
22025
22026
22027
22029
22031
22032
22033
22035
22036
22038
22039
22040
22043
22047
22048
22051
22052
22054
22057
22058
22059
22060
22061
22062
22065
22067
22070
22074
22075
22076
22078
22081
22083
22084
22088
22090
22093
22094
22096
22097
22099
22101
22102
22103
22104
22105
22106
22108
22109
22111
22114
22116
22121
22122
22124
22125
22127
22128
22129
22131
22133
22134
22136
22138
22139
22145
22147
22149
22150
22153
22155
22156
22157
22158
22160
22162
22163
22164
22167
22170
22171
22172
22173
22175
22176
22178
22182
22183
22184
22185
22186
22188
22189
22191
22192
22195
22199
22200
22201
22203
22205
22206
22207
22209
22212
22213
22214
22216
22217
22219
22220
22221
22222
22223
22224
22225
22227
22228
22229
22230
22231
22232
22233
22234
22235
22238
22240
22244
22246
22248
22249
22251
22252
22255
22259
22260
22263
22264
22265
22269
22271
22273
22275
22276
22277
22278
22280
22281
22282
22284
22285
22286
22288
22289
22290
22291
22292
22296
22299
22302
22303
22305
22306
22309
22310
22311
22314
22315
22324
22326
22327
22328
22329
22333
22337
22339
22340
22342
22343
22345
22346
22347
22348
22349
22351
22353
22355
22356
22358
22360
22361
22363
22367
22368
22371
22372
22374
22375
22377
22378
22380
22381
22382
22383
22384
22386
22387
22388
22390
22391
22396
22398
22401
22404
22405
22406
22407
22408
22409
22410
22412
22414
22416
22418
22421
22423
22424
22426
22432
22434
22435
22436
22437
22438
22440
22441
22447
22448
22449
22451
22453
22454
22456
22457
22458
22464
22465
22470
22471
22473
22476
22477
22479
22480
22482
22484
22485
22487
22490
22491
22493
22494
22497
22498
22501
22502
22504
22505
22507
22508
22509
22510
22512
22513
22517
22519
22522
22523
22526
22527
22528
22529
22530
22531
22532
22535
22538
22541
22542
22546
22551
22553
22556
22557
22558
22559
22560
22561
22563
22564
22565
22566
22567
22569
22572
22573
22575
22576
22578
22579
22580
22584
22585
22586
22587
22589
22591
22594
22596
22597
22598
22600
22601
22603
22604
22605
22613
22615
22616
22618
22619
22622
22623
22624
22625
22626
22627
22628
22631
22633
22635
22636
22637
22638
22641
22642
22643
22644
22646
22647
22648
22649
22651
22653
22654
22657
22658
22659
22660
22664
22665
22666
22669
22673
22674
22675
22678
22679
22680
22681
22683
22685
22686
22687
22690
22691
22693
22696
22697
22698
22699
22701
22704
22705
22709
22710
22711
22712
22714
22718
22723
22726
22730
22731
22732
22733
22734
22735
22737
22738
22739
22740
22741
22742
22743
22744
22746
22747
22749
22750
22752
22755
22758
22760
22762
22764
22767
22768
22769
22770
22771
22772
22776
22777
22780
22784
22785
22786
22792
22793
22796
22798
22799
22800
22801
22802
22803
22804
22806
22809
22814
22815
22818
22819
22820
22821
22822
22823
22827
22828
22829
22833
22835
22837
22841
22843
22844
22846
22847
22852
22853
22854
22856
22857
22859
22860
22862
22863
22865
22866
22867
22868
22870
22872
22874
22878
22881
22882
22883
22884
22885
22886
22887
22890
22893
22895
22896
22898
22901
22904
22905
22906
22907
22914
22916
22919
22921
22922
22925
22927
22928
22929
22932
22933
22935
22937
22939
22941
22943
22945
22946
22948
22950
22951
22952
22953
22958
22961
22963
22964
22965
22968
22969
22970
22971
22973
22975
22976
22979
22980
22981
22985
22986
22987
22988
22989
22990
22991
22992
22993
22994
22995
22996
22998
23000
23001
23004
23006
23007
23009
23011
23012
23013
23016
23017
23018
23019
23024
23027
23028
23029
23031
23032
23033
23037
23038
23041
23045
23046
23048
23051
23052
23053
23054
23055
23056
23059
23060
23062
23064
23066
23069
23070
23072
23073
23075
23076
23078
23079
23080
23082
23083
23084
23092
23093
23094
23095
23096
23098
23100
23101
23104
23105
23106
23107
23108
23109
23110
23112
23113
23115
23116
23117
23118
23119
23123
23125
23126
23127
23130
23134
23135
23136
23138
23139
23141
23143
23148
23150
23152
23153
23155
23157
23159
23161
23162
23163
23164
23165
23166
23167
23170
23174
23176
23178
23180
23181
23183
23184
23186
23187
23188
23192
23195
23196
23197
23199
23201
23205
23206
23207
23210
23211
23212
23213
23214
23217
23219
23220
23223
23224
23225
23226
23227
23228
23231
23233
23234
23235
23238
23239
23240
23241
23242
23243
23244
23246
23248
23252
23253
23258
23262
23263
23266
23268
23269
23270
23271
23272
23274
23275
23276
23279
23280
23281
23282
23283
23286
23288
23289
23290
23291
23292
23294
23295
23299
23300
23301
23303
23304
23305
23308
23309
23313
23315
23316
23320
23322
23323
23325
23328
23330
23332
23333
23335
23336
23337
23338
23339
23340
23341
23342
23345
23346
23350
23351
23353
23354
23355
23356
23358
23359
23361
23364
23365
23366
23368
23370
23371
23372
23374
23375
23377
23378
23379
23382
23385
23387
23388
23390
23395
23396
23398
23401
23402
23403
23404
23406
23411
23413
23417
23418
23420
23421
23423
23425
23426
23429
23431
23432
23438
23440
23442
23444
23445
23447
23448
23449
23450
23451
23454
23456
23458
23460
23461
23463
23464
23465
23466
23468
23471
23472
23474
23476
23481
23484
23486
23492
23493
23494
23496
23497
23501
23505
23508
23509
23510
23512
23516
23517
23518
23519
23522
23523
23525
23527
23529
23531
23534
23536
23537
23538
23539
23542
23543
23546
23548
23549
23550
23552
23553
23555
23556
23557
23558
23559
23561
23562
23564
23565
23567
23568
23569
23570
23573
23574
23576
23577
23578
23579
23580
23581
23583
23584
23590
23591
23593
23596
23597
23598
23599
23601
23602
23603
23604
23606
23607
23608
23609
23615
23616
23619
23622
23626
23629
23630
23631
23632
23633
23634
23635
23636
23637
23639
23641
23644
23645
23648
23650
23651
23653
23654
23656
23658
23661
23662
23666
23667
23668
23670
23671
23672
23674
23677
23679
23682
23688
23691
23692
23696
23697
23699
23700
23701
23702
23703
23704
23707
23708
23709
23710
23711
23712
23713
23717
23720
23722
23725
23726
23728
23729
23731
23733
23734
23736
23737
23738
23739
23741
23743
23748
23750
23753
23756
23760
23764
23765
23766
23769
23774
23776
23781
23782
23784
23785
23786
23789
23791
23793
23795
23798
23801
23803
23805
23806
23807
23809
23812
23813
23815
23817
23821
23824
23825
23826
23832
23833
23837
23838
23840
23841
23844
23845
23852
23855
23857
23858
23859
23861
23862
23863
23864
23865
23867
23868
23869
23871
23872
23874
23875
23877
23879
23881
23882
23883
23886
23887
23888
23889
23890
23891
23894
23895
23896
23897
23898
23899
23902
23905
23906
23907
23910
23911
23914
23915
23916
23917
23919
23920
23922
23924
23925
23927
23928
23929
23932
23933
23936
23938
23939
23941
23947
23948
23949
23951
23952
23956
23959
23960
23962
23963
23964
23965
23967
23973
23974
23977
23978
23979
23981
23984
23986
23987
23988
23989
23990
23991
23992
23994
23995
23997
23999
24000
24001
24005
24007
24008
24009
24010
24011
24019
24020
24021
24022
24023
24024
24026
24028
24029
24030
24032
24033
24036
24037
24039
24040
24041
24042
24044
24046
24048
24050
24051
24052
24054
24055
24057
24060
24061
24062
24063
24064
24065
24067
24069
24071
24072
24073
24074
24075
24076
24078
24083
24084
24087
24088
24089
24090
24091
24092
24096
24100
24102
24103
24104
24105
24107
24108
24109
24111
24113
24114
24117
24120
24121
24122
24123
24124
24125
24127
24129
24131
24133
24137
24140
24141
24142
24143
24144
24145
24148
24149
24151
24152
24156
24160
24161
24163
24164
24165
24167
24169
24170
24171
24172
24173
24174
24175
24177
24180
24181
24182
24183
24184
24185
24186
24189
24190
24191
24196
24198
24202
24204
24205
24210
24215
24217
24219
24220
24222
24223
24224
24227
24229
24230
24231
24233
24234
24238
24239
24240
24241
24242
24243
24245
24247
24248
24250
24252
24253
24255
24256
24258
24262
24265
24266
24268
24272
24273
24275
24277
24279
24284
24285
24286
24290
24292
24294
24296
24297
24300
24303
24305
24306
24309
24310
24312
24314
24315
24316
24317
24319
24322
24323
24324
24325
24330
24331
24333
24335
24336
24337
24339
24341
24343
24344
24345
24346
24347
24348
24351
24353
24354
24355
24359
24360
24361
24374
24375
24376
24380
24385
24386
24387
24388
24394
24395
24400
24403
24404
24409
24411
24412
24415
24416
24418
24421
24422
24424
24427
24428
24429
24430
24432
24435
24436
24439
24440
24441
24442
24443
24447
24448
24450
24451
24453
24455
24459
24460
24461
24462
24464
24465
24469
24472
24474
24476
24477
24479
24480
24482
24483
24484
24486
24489
24492
24494
24496
24497
24499
24500
24506
24508
24509
24511
24512
24514
24517
24518
24520
24521
24522
24527
24529
24530
24531
24532
24533
24534
24536
24538
24540
24542
24544
24547
24548
24549
24552
24554
24556
24558
24559
24561
24562
24566
24567
24569
24575
24576
24577
24579
24580
24581
24582
24583
24585
24586
24588
24590
24591
24593
24594
24595
24596
24597
24598
24600
24601
24603
24605
24607
24609
24610
24615
24616
24618
24620
24621
24623
24625
24626
24627
24633
24635
24639
24641
24642
24643
24644
24645
24647
24649
24650
24651
24653
24656
24661
24662
24664
24665
24666
24668
24670
24671
24672
24673
24679
24684
24686
24691
24693
24694
24696
24697
24699
24700
24701
24702
24706
24708
24709
24713
24714
24716
24717
24718
24722
24725
24729
24731
24733
24734
24736
24737
24738
24739
24743
24744
24748
24749
24751
24755
24756
24759
24761
24763
24764
24765
24767
24768
24771
24772
24773
24775
24777
24778
24781
24782
24783
24785
24787
24788
24790
24791
24792
24794
24798
24799
24800
24801
24804
24806
24808
24809
24811
24812
24814
24819
24820
24821
24822
24824
24825
24826
24827
24828
24829
24835
24836
24837
24838
24839
24840
24841
24842
24843
24846
24848
24849
24850
24852
24854
24856
24857
24858
24859
24861
24862
24868
24872
24873
24874
24878
24881
24884
24887
24888
24891
24893
24895
24896
24898
24899
24900
24901
24902
24904
24908
24910
24911
24913
24914
24918
24920
24921
24923
24927
24928
24929
24931
24934
24935
24936
24939
24940
24942
24946
24950
24951
24952
24953
24954
24955
24956
24958
24959
24963
24965
24967
24971
24973
24975
24976
24977
24979
24981
24982
24984
24985
24986
24987
24988
24989
24994
24995
24996
24997
24999
25001
25002
25004
25005
25009
25010
25015
25017
25018
25024
25026
25029
25032
25036
25037
25038
25042
25046
25047
25049
25055
25056
25064
25065
25068
25070
25071
25072
25073
25074
25078
25079
25081
25082
25083
25085
25086
25088
25091
25092
25093
25097
25098
25099
25101
25104
25106
25107
25108
25111
25114
25115
25118
25119
25122
25124
25126
25127
25130
25133
25134
25135
25136
25141
25143
25146
25149
25150
25153
25154
25155
25157
25158
25159
25160
25163
25164
25167
25170
25171
25172
25174
25175
25177
25178
25179
25181
25182
25184
25186
25187
25188
25190
25192
25193
25194
25195
25196
25197
25199
25201
25203
25204
25206
25207
25214
25215
25217
25219
25222
25223
25224
25225
25226
25227
25230
25233
25234
25235
25236
25239
25241
25242
25243
25244
25246
25248
25252
25253
25254
25255
25256
25259
25262
25264
25267
25271
25273
25274
25275
25276
25277
25280
25281
25282
25285
25286
25289
25291
25292
25293
25296
25298
25299
25300
25302
25303
25305
25308
25312
25313
25316
25317
25319
25320
25321
25323
25327
25328
25329
25334
25336
25339
25340
25343
25344
25345
25348
25352
25353
25357
25358
25360
25362
25363
25366
25368
25370
25371
25372
25373
25374
25375
25376
25377
25378
25379
25380
25381
25384
25385
25386
25387
25389
25390
25391
25393
25396
25398
25400
25403
25404
25405
25406
25407
25408
25409
25410
25413
25415
25416
25417
25419
25420
25421
25422
25425
25427
25431
25432
25433
25434
25435
25436
25438
25439
25442
25443
25446
25447
25449
25451
25452
25456
25458
25460
25462
25463
25468
25470
25472
25474
25480
25481
25483
25484
25485
25487
25488
25489
25493
25495
25496
25498
25500
25504
25505
25507
25508
25509
25511
25512
25518
25521
25524
25525
25526
25527
25528
25529
25542
25543
25551
25554
25556
25558
25560
25561
25563
25564
25566
25567
25568
25569
25571
25575
25577
25579
25580
25582
25588
25589
25592
25593
25594
25595
25599
25600
25601
25602
25604
25607
25612
25613
25614
25615
25616
25617
25618
25619
25620
25625
25626
25628
25629
25632
25634
25636
25637
25638
25640
25641
25642
25643
25647
25648
25649
25655
25657
25658
25659
25660
25661
25662
25663
25668
25669
25670
25671
25673
25674
25675
25676
25679
25683
25685
25686
25687
25688
25689
25691
25692
25693
25696
25697
25699
25700
25701
25704
25707
25710
25711
25712
25714
25715
25717
25720
25723
25724
25725
25726
25728
25734
25735
25736
25737
25740
25741
25742
25743
25744
25745
25746
25747
25748
25749
25751
25755
25757
25758
25762
25763
25764
25765
25767
25769
25770
25772
25773
25776
25778
25779
25780
25781
25782
25783
25786
25787
25788
25791
25792
25793
25794
25795
25800
25801
25803
25804
25805
25808
25809
25811
25812
25813
25814
25815
25816
25817
25818
25819
25820
25822
25824
25825
25826
25827
25830
25832
25835
25838
25839
25840
25842
25844
25845
25851
25852
25854
25855
25856
25857
25858
25862
25864
25865
25866
25867
25870
25872
25873
25874
25876
25878
25880
25882
25883
25885
25886
25891
25893
25894
25896
25897
25898
25899
25900
25901
25902
25904
25905
25908
25909
25916
25918
25919
25920
25921
25923
25924
25925
25926
25927
25929
25930
25933
25936
25937
25938
25939
25940
25941
25944
25947
25950
25954
25957
25959
25962
25963
25964
25969
25971
25973
25974
25975
25976
25978
25979
25980
25984
25986
25987
25988
25991
25993
25994
25995
25996
25997
25998
26002
26004
26005
26007
26014
26015
26016
26017
26019
26021
26022
26023
26025
26026
26028
26030
26031
26032
26034
26036
26037
26038
26039
26042
26046
26048
26052
26053
26058
26059
26060
26062
26066
26070
26072
26073
26074
26076
26078
26080
26081
26082
26083
26084
26087
26088
26089
26090
26092
26093
26094
26096
26097
26098
26099
26102
26105
26106
26107
26109
26110
26111
26118
26120
26121
26122
26124
26126
26127
26128
26129
26130
26132
26135
26136
26137
26138
26139
26140
26142
26145
26146
26148
26150
26154
26155
26156
26159
26162
26163
26165
26166
26167
26168
26172
26173
26175
26177
26178
26179
26182
26184
26187
26189
26191
26192
26193
26196
26197
26199
26200
26203
26204
26207
26208
26211
26212
26213
26217
26218
26220
26221
26222
26225
26227
26230
26232
26236
26239
26240
26241
26242
26246
26247
26248
26249
26251
26252
26253
26254
26255
26256
26257
26258
26259
26261
26263
26265
26266
26267
26270
26271
26272
26274
26276
26279
26280
26282
26284
26288
26289
26291
26292
26294
26296
26299
26300
26301
26303
26304
26305
26309
26310
26314
26317
26319
26321
26323
26325
26331
26334
26335
26336
26338
26339
26340
26341
26342
26347
26348
26349
26350
26352
26354
26355
26356
26357
26360
26363
26364
26366
26367
26369
26370
26373
26374
26376
26377
26380
26381
26383
26385
26386
26389
26394
26397
26399
26400
26402
26404
26406
26408
26411
26414
26418
26419
26422
26423
26424
26425
26427
26430
26435
26436
26440
26441
26444
26445
26446
26447
26448
26450
26451
26453
26456
26457
26459
26461
26462
26463
26464
26465
26466
26467
26468
26470
26471
26474
26475
26476
26479
26480
26484
26485
26486
26487
26490
26492
26493
26494
26495
26498
26499
26500
26501
26502
26504
26506
26507
26510
26513
26514
26517
26519
26524
26529
26535
26537
26540
26542
26543
26545
26547
26548
26549
26550
26551
26553
26554
26555
26556
26557
26559
26560
26562
26563
26565
26566
26567
26569
26570
26571
26573
26574
26576
26577
26578
26579
26580
26581
26582
26583
26584
26587
26592
26595
26596
26597
26599
26601
26602
26607
26609
26610
26612
26613
26617
26618
26619
26621
26622
26623
26624
26625
26628
26631
26632
26635
26638
26639
26645
26648
26653
26658
26659
26664
26667
26668
26669
26671
26674
26677
26678
26679
26680
26681
26684
26688
26689
26692
26693
26697
26701
26704
26707
26710
26712
26715
26718
26720
26721
26722
26723
26724
26728
26730
26732
26734
26736
26739
26740
26741
26742
26743
26744
26746
26750
26751
26753
26754
26755
26756
26757
26765
26766
26768
26769
26770
26772
26774
26776
26778
26780
26781
26783
26784
26786
26787
26788
26790
26791
26792
26793
26795
26796
26799
26800
26803
26804
26805
26806
26807
26808
26809
26811
26812
26813
26814
26817
26819
26822
26823
26824
26829
26830
26832
26834
26835
26836
26837
26839
26841
26842
26844
26847
26848
26850
26853
26854
26859
26863
26864
26865
26867
26870
26872
26873
26874
26875
26876
26877
26878
26879
26880
26882
26886
26890
26891
26894
26895
26896
26898
26899
26902
26903
26905
26908
26909
26910
26911
26912
26914
26915
26916
26921
26923
26924
26927
26929
26938
26940
26941
26943
26944
26945
26946
26947
26949
26952
26954
26957
26958
26960
26962
26963
26964
26968
26970
26971
26973
26976
26977
26978
26979
26980
26981
26982
26983
26984
26985
26987
26988
26991
26992
26996
26997
27003
27006
27007
27009
27011
27013
27017
27018
27019
27020
27022
27023
27025
27026
27027
27028
27032
27035
27036
27037
27038
27039
27040
27045
27046
27047
27053
27055
27059
27060
27061
27063
27064
27066
27067
27068
27069
27070
27071
27072
27073
27077
27079
27080
27081
27084
27085
27086
27088
27089
27090
27091
27092
27094
27095
27096
27100
27101
27103
27105
27106
27112
27118
27119
27120
27123
27126
27127
27128
27129
27130
27131
27133
27134
27135
27136
27137
27139
27140
27141
27142
27144
27145
27146
27149
27152
27153
27155
27158
27160
27161
27164
27165
27166
27167
27169
27174
27175
27176
27178
27180
27185
27186
27188
27191
27193
27194
27196
27198
27199
27203
27204
27205
27206
27209
27212
27214
27215
27217
27219
27220
27221
27223
27224
27225
27226
27228
27229
27231
27234
27235
27237
27239
27240
27241
27242
27243
27244
27249
27250
27258
27259
27260
27263
27264
27265
27266
27270
27272
27274
27275
27276
27281
27282
27283
27284
27288
27289
27290
27291
27293
27297
27299
27300
27301
27303
27305
27306
27308
27309
27312
27313
27318
27319
27322
27324
27325
27326
27327
27328
27330
27331
27333
27334
27336
27338
27339
27340
27341
27343
27344
27345
27347
27348
27350
27356
27358
27363
27364
27365
27366
27367
27368
27369
27370
27372
27373
27376
27377
27378
27379
27383
27384
27385
27386
27390
27391
27394
27395
27396
27397
27398
27399
27400
27401
27403
27405
27406
27407
27410
27411
27414
27416
27417
27419
27421
27424
27425
27426
27432
27433
27434
27435
27437
27440
27441
27442
27447
27449
27450
27451
27453
27454
27456
27457
27459
27460
27461
27462
27463
27469
27470
27473
27475
27479
27480
27486
27488
27489
27490
27491
27492
27494
27496
27497
27499
27502
27503
27505
27506
27508
27512
27514
27516
27523
27526
27530
27531
27535
27540
27541
27545
27546
27548
27550
27552
27559
27563
27564
27567
27568
27571
27574
27576
27579
27581
27584
27585
27586
27587
27588
27590
27591
27594
27595
27596
27597
27598
27601
27603
27604
27606
27607
27611
27612
27613
27614
27616
27618
27619
27622
27628
27629
27630
27636
27638
27639
27640
27641
27644
27647
27648
27649
27652
27653
27654
27657
27658
27659
27660
27664
27665
27667
27668
27669
27670
27672
27675
27676
27677
27678
27679
27682
27687
27689
27690
27691
27692
27694
27700
27701
27703
27705
27706
27707
27708
27709
27710
27711
27713
27715
27716
27719
27720
27721
27725
27726
27731
27734
27735
27736
27738
27739
27743
27744
27745
27749
27750
27752
27753
27756
27757
27759
27760
27762
27763
27765
27766
27768
27769
27772
27773
27774
27779
27780
27783
27786
27790
27791
27792
27797
27798
27799
27801
27802
27804
27805
27806
27808
27809
27810
27816
27817
27818
27819
27820
27822
27823
27824
27827
27829
27830
27832
27834
27835
27836
27839
27841
27843
27844
27845
27848
27849
27850
27852
27853
27855
27856
27858
27859
27861
27864
27866
27867
27869
27873
27874
27875
27877
27882
27884
27885
27887
27888
27889
27890
27892
27893
27895
27896
27897
27898
27904
27907
27910
27914
27916
27917
27918
27919
27920
27921
27924
27925
27928
27929
27930
27932
27933
27934
27935
27937
27939
27940
27942
27944
27946
27948
27949
27951
27953
27954
27955
27958
27959
27961
27962
27965
27966
27972
27973
27974
27978
27980
27982
27985
27992
27993
27994
27995
27996
28001
28002
28003
28006
28009
28010
28012
28013
28014
28015
28016
28017
28020
28021
28022
28023
28024
28025
28027
28028
28029
28030
28031
28032
28033
28035
28036
28038
28041
28042
28046
28047
28048
28049
28050
28051
28053
28057
28058
28059
28061
28062
28064
28065
28066
28067
28070
28071
28074
28075
28076
28077
28079
28083
28086
28087
28088
28090
28091
28092
28094
28095
28097
28098
28100
28101
28102
28104
28107
28108
28110
28111
28120
28122
28123
28124
28128
28129
28130
28133
28134
28135
28136
28137
28139
28141
28142
28143
28149
28150
28153
28154
28155
28157
28158
28159
28160
28163
28164
28166
28168
28169
28172
28175
28176
28177
28179
28181
28182
28183
28184
28185
28188
28189
28190
28192
28193
28195
28200
28201
28205
28206
28208
28209
28210
28211
28213
28214
28215
28217
28218
28220
28222
28225
28228
28229
28230
28233
28235
28239
28240
28243
28244
28249
28252
28253
28254
28256
28258
28260
28261
28263
28264
28265
28266
28271
28273
28274
28275
28278
28279
28280
28282
28283
28286
28290
28292
28293
28294
28295
28296
28298
28299
28300
28301
28303
28304
28307
28310
28311
28312
28314
28315
28316
28317
28318
28319
28320
28321
28322
28323
28325
28327
28328
28329
28331
28332
28333
28334
28337
28338
28339
28340
28342
28345
28346
28347
28348
28351
28355
28356
28358
28360
28362
28364
28365
28368
28370
28373
28375
28376
28379
28381
28382
28383
28384
28385
28386
28388
28389
28390
28391
28393
28394
28395
28396
28397
28398
28399
28400
28402
28403
28406
28408
28409
28410
28411
28414
28416
28417
28419
28420
28421
28422
28428
28431
28433
28435
28437
28440
28441
28442
28446
28448
28450
28451
28452
28454
28457
28458
28460
28464
28466
28467
28471
28472
28474
28475
28476
28478
28481
28482
28483
28484
28486
28488
28491
28493
28495
28496
28498
28499
28500
28502
28503
28505
28508
28509
28511
28517
28519
28520
28521
28522
28523
28524
28525
28526
28530
28531
28532
28533
28534
28536
28537
28538
28540
28541
28544
28545
28548
28551
28553
28555
28560
28561
28562
28563
28565
28566
28569
28570
28571
28572
28573
28574
28576
28577
28580
28581
28582
28583
28585
28586
28590
28591
28592
28593
28594
28596
28597
28599
28601
28603
28604
28607
28609
28610
28611
28612
28613
28615
28616
28617
28618
28619
28623
28624
28625
28627
28628
28629
28630
28638
28639
28640
28643
28645
28646
28647
28648
28650
28653
28656
28659
28664
28666
28669
28671
28672
28675
28677
28679
28681
28682
28686
28689
28690
28693
28695
28698
28700
28701
28702
28703
28706
28707
28708
28710
28713
28714
28715
28716
28717
28719
28720
28722
28725
28727
28728
28729
28730
28731
28734
28736
28737
28740
28741
28742
28743
28744
28747
28751
28752
28753
28755
28757
28758
28762
28766
28769
28770
28772
28773
28774
28776
28778
28780
28782
28783
28784
28786
28791
28792
28794
28797
28798
28799
28800
28801
28803
28805
28806
28807
28808
28809
28813
28816
28817
28820
28823
28824
28828
28829
28830
28831
28832
28834
28836
28844
28845
28846
28847
28848
28853
28854
28856
28857
28858
28862
28864
28865
28866
28867
28869
28870
28871
28872
28873
28875
28879
28880
28883
28886
28888
28891
28892
28893
28895
28896
28897
28898
28899
28902
28903
28904
28905
28908
28912
28913
28914
28915
28917
28918
28919
28920
28921
28922
28924
28927
28928
28929
28933
28934
28935
28937
28939
28940
28941
28943
28951
28956
28957
28958
28959
28962
28963
28965
28966
28968
28969
28973
28974
28975
28978
28979
28980
28981
28982
28983
28985
28987
28988
28989
28991
28992
28993
28994
28997
28999
29002
29004
29006
29007
29008
29010
29011
29014
29015
29019
29020
29021
29022
29023
29024
29025
29026
29027
29029
29030
29032
29033
29034
29035
29038
29041
29046
29048
29049
29051
29053
29054
29057
29058
29060
29061
29066
29067
29070
29074
29076
29078
29080
29081
29084
29086
29088
29090
29091
29093
29094
29095
29098
29099
29100
29101
29108
29109
29112
29114
29115
29118
29121
29122
29123
29126
29127
29130
29132
29133
29135
29136
29138
29139
29140
29141
29142
29144
29145
29147
29149
29150
29151
29152
29156
29158
29159
29160
29161
29163
29165
29166
29167
29170
29171
29172
29174
29175
29176
29177
29179
29181
29182
29184
29185
29186
29187
29188
29189
29191
29193
29194
29195
29196
29199
29201
29202
29204
29205
29207
29208
29210
29211
29212
29216
29218
29220
29221
29222
29226
29228
29230
29231
29236
29237
29238
29239
29241
29248
29251
29255
29256
29259
29261
29265
29266
29267
29270
29272
29273
29275
29276
29280
29285
29286
29287
29288
29293
29297
29299
29301
29302
29303
29304
29306
29309
29315
29320
29322
29324
29326
29328
29334
29336
29337
29338
29339
29341
29342
29343
29347
29348
29349
29351
29352
29353
29355
29357
29359
29361
29362
29363
29364
29369
29370
29374
29376
29377
29378
29379
29380
29383
29384
29385
29387
29388
29390
29391
29394
29395
29396
29397
29399
29400
29401
29402
29405
29406
29407
29408
29412
29415
29416
29418
29420
29423
29426
29427
29428
29429
29430
29436
29437
29442
29443
29445
29447
29450
29451
29452
29453
29454
29455
29456
29457
29459
29461
29462
29463
29464
29465
29466
29469
29472
29473
29474
29477
29479
29481
29482
29483
29484
29485
29486
29488
29489
29490
29491
29492
29493
29494
29497
29498
29499
29503
29504
29507
29508
29510
29511
29512
29513
29514
29515
29516
29518
29520
29522
29523
29524
29525
29528
29529
29530
29532
29533
29534
29535
29536
29538
29540
29543
29544
29545
29547
29548
29549
29551
29553
29554
29555
29556
29558
29559
29561
29562
29564
29567
29569
29570
29571
29573
29575
29580
29581
29583
29584
29585
29587
29588
29591
29592
29597
29599
29601
29604
29606
29607
29608
29614
29615
29618
29619
29620
29621
29623
29625
29626
29627
29628
29632
29637
29643
29644
29645
29646
29648
29651
29652
29655
29657
29659
29661
29662
29663
29666
29667
29669
29671
29672
29674
29675
29676
29678
29679
29681
29683
29685
29687
29689
29691
29692
29693
29695
29697
29698
29699
29701
29704
29705
29706
29710
29714
29715
29721
29724
29726
29727
29729
29730
29735
29736
29737
29738
29741
29742
29743
29745
29747
29748
29752
29754
29755
29756
29762
29764
29768
29770
29771
29772
29774
29776
29777
29779
29781
29786
29787
29788
29789
29790
29791
29792
29793
29797
29798
29800
29801
29802
29804
29805
29806
29807
29809
29810
29811
29812
29814
29816
29817
29819
29820
29822
29823
29825
29826
29827
29828
29830
29831
29836
29837
29840
29841
29843
29845
29847
29848
29849
29851
29856
29857
29859
29863
29870
29873
29874
29875
29876
29879
29880
29881
29882
29883
29885
29886
29887
29888
29889
29891
29895
29896
29897
29898
29900
29901
29902
29904
29906
29907
29909
29910
29912
29913
29914
29916
29917
29921
29922
29923
29924
29925
29927
29928
29929
29930
29931
29932
29934
29936
29937
29939
29940
29943
29945
29947
29949
29950
29956
29957
29958
29960
29961
29962
29965
29967
29971
29972
29973
29974
29975
29976
29977
29980
29981
29986
29987
29988
29990
29993
29994
29995
29996
29997
29998
